0.26787 0.354089 0.39861 0.596314 0.539769 -0.707941 -0.32623 -0.321863 -0.215915 -0.0673304 0.0196026 -0.146232 -0.210673 -0.319385 0.105356 0.0274302 0.0630935 -0.0628985 0.041931
0.236479 0.565366 0.43287 0.51226 1.12224 -0.566549 -0.184004 -0.143347 0.0648013 0.0970473 -0.0969098 -0.215609 0.00491832 -0.100642 0.0546872 0.178088 -0.0493424 -0.0593364 0.0345956
0.250786 0.257681 0.297813 0.600895 0.761322 -0.747822 -0.695416 -0.577081 -0.212597 -0.0821236 0.0360461 0.0840545 -0.0343247 -0.142019 0.0966541 0.269495 0.243693 0.261032 0.235755
0.0678551 0.212616 0.429158 0.684286 0.715138 -0.67296 -0.156409 0.0609948 -0.0462081 -0.228934 0.0450732 -0.0193165 -0.235392 -0.144973 0.123235 0.0151916 0.245987 0.0191076 -0.137686
-0.137053 0.0426258 0.257188 0.454606 1.08224 -0.386385 -0.420388 -0.106469 0.162646 0.443664 0.238165 0.0654418 0.0221061 0.0682153 0.116695 -0.152474 -0.0830536 -0.0879053 -0.0320104
0.0376993 0.295482 0.507311 0.483932 0.717331 -1.08607 -0.527725 -0.362465 -0.146282 0.0983897 -0.127461 -0.0654537 -0.393107 -0.306652 -0.223678 0.0326398 0.228998 0.138417 0.0613172
0.440544 0.297283 0.601152 0.816557 1.22817 -0.493675 -0.489477 -0.177597 -0.103775 -0.0609309 -0.0800051 -0.137337 -0.223066 -0.22516 -0.0814061 -0.218849 -0.111041 0.097297 0.0131481
0.125738 0.166237 0.395427 0.414626 1.09851 -0.550173 -0.480283 -0.266277 -0.0233348 -0.118533 -0.116918 0.0145945 0.0244087 -0.022622 0.135005 0.260365 0.125803 0.118337 0.198371
0.0455644 0.0962087 0.515824 0.61706 0.931226 -0.833949 -0.402359 -0.116819 0.0526941 -0.091074 -0.187729 0.0734178 0.179251 0.0491217 0.0686994 0.180461 0.411789 0.336005 0.0343108
0.14852 0.191412 0.484215 0.800767 1.08785 -0.997753 -0.582164 -0.211191 -0.209474 0.00031954 0.457199 0.170139 0.366321 0.0885672 0.172226 0.126644 0.0766357 -0.0641978 0.0365555
0.531369 0.560379 0.513939 0.707588 1.14632 -0.91821 -0.703192 -0.518029 -0.0858796 -0.150462 -0.137029 0.159993 0.206358 0.176795 0.0951566 -0.0697408 -0.0364635 0.311496 0.403994
-0.254273 0.0117624 0.245486 0.201326 0.949117 -0.848845 -0.732847 -0.489315 -0.342448 -0.115477 -0.109186 0.0292812 0.0665098 0.0546854 0.234425 0.20799 0.127919 -0.00555758 -0.209267
0.0383123 0.207125 0.311945 0.407874 1.14241 -1.15243 -0.535897 -0.0999011 -0.0732573 -0.144928 -0.289346 -0.183871 -0.0929115 -0.264825 0.137325 0.0895414 -0.0504367 0.0121324 0.079482
0.284191 0.249571 0.230423 0.22393 0.670872 -0.55485 -0.371131 -0.227604 -0.23073 0.0918327 -0.213268 -0.18641 -0.269849 0.0144035 -0.117472 0.0531943 0.0904926 0.251598 0.198659
-0.112208 0.0513638 0.221827 0.120244 0.640519 -0.543891 -0.260963 -0.206216 -0.364779 -0.0870627 -0.25171 0.207775 0.220798 -0.0886712 -0.135019 0.17397 0.150226 0.327978 0.165506
0.275484 0.00873569 -0.0998516 0.0781263 0.474959 -0.31917 -0.250229 0.0104708 -0.0243175 0.077931 -0.0615887 0.0360281 -0.041574 0.0055205 0.0591361 0.102622 0.147328 0.0128034 0.178308
-0.0961648 0.178641 0.413332 0.502457 0.355058 -0.265009 0.00141129 0.03599 0.170235 0.124869 -0.207438 -0.254448 -0.0150131 0.227036 0.195349 0.0804115 -0.274063 -0.110602 0.000588811
0.214718 0.219025 0.146432 0.276892 0.66429 -0.248744 -0.0546165 -0.0452805 -0.387435 -0.200341 -0.00575373 -0.0656163 0.0716778 -0.0136929 -0.349088 0.027736 -0.194256 0.0263024 0.307422
0.115406 0.200053 0.0981916 0.114228 0.368146 -0.964604 -0.524595 -0.30498 -0.101923 -0.0106736 -0.0672215 -0.0169251 0.0342222 -0.0482169 0.0556648 0.0288055 0.0929142 0.14859 -0.0957133
-0.0810366 0.0512682 0.242283 0.269578 0.670423 -0.798488 -0.334401 -0.567241 -0.296007 -0.323209 -0.254814 -0.0101786 0.209859 -0.00120383 -0.0538534 0.119904 -0.00137181 0.0295404 -0.195316
-0.0893887 -0.176189 0.0569508 0.280212 0.952256 -0.431706 0.0409441 -0.123866 -0.183424 0.139341 0.233927 0.126418 -0.0706815 -0.0162809 -0.0854513 0.0226398 0.104822 0.213802 -0.0706295
0.0324076 0.353427 0.210566 0.18737 0.667746 -0.458774 -0.290474 -0.131873 0.0690319 0.199222 0.0558553 -0.0100441 -0.0173902 0.124835 0.483017 0.353116 0.220155 -0.00186689 0.125878
-0.0183486 0.114581 0.30062 0.488846 0.754315 -0.70628 -0.211765 -0.189332 -0.403597 -0.399242 -0.23695 0.0431043 -0.0106444 -0.0207076 -0.0160537 0.161715 0.0322659 -0.0170979 -0.0614645
-0.0573776 0.106231 0.186452 0.370755 0.681354 -0.434477 -0.393227 -0.0223807 0.131893 0.0636334 -0.0459673 0.147915 0.218588 -0.130672 0.134892 0.00798668 -0.0332902 -0.0512519 0.0509787
-0.0347353 0.24151 0.466587 0.598992 1.21888 -0.672356 -0.209347 0.175185 0.0585089 -0.0543003 -0.226841 -0.0983705 0.211411 0.0664764 0.0794083 -0.055943 -0.086163 0.00532803 0.148067
-0.0178837 0.116502 0.545425 0.975248 1.09274 -0.802923 -0.570812 -0.504444 -0.199547 -0.196066 -0.000912387 0.0405556 -0.0601162 0.142033 -0.0495864 0.375076 0.23546 0.256963 -0.102447
0.0984204 0.197316 0.604047 0.856545 0.750732 -0.729307 -0.428883 -0.227487 -0.184309 -0.0952318 -0.305821 -0.116654 -0.0105341 0.14314 0.000967159 0.0149788 -0.274504 -0.0173957 -0.0230958
-0.145402 0.102161 0.164433 0.375387 0.899965 -0.912717 -0.583965 -0.414929 0.0482019 -0.187284 -0.193929 -0.156413 -0.19475 -0.032411 -0.0792063 -0.0881011 -0.0859083 -0.281642 -0.135034
0.260904 0.363553 0.223532 0.392508 1.17387 -0.835964 -0.00870271 -0.0961121 -0.149323 0.093139 -0.261966 -0.167148 -0.304581 -0.24705 -0.018582 -0.0845207 0.082077 0.0177087 0.135088
-0.160616 0.0724693 0.366025 0.563411 1.25205 -0.523398 -0.281253 -0.188986 -0.158308 -0.106623 0.193658 -0.00967752 0.0894333 0.0531129 0.102063 0.0174394 -0.149829 -0.152849 -0.236904
0.12132 0.0769437 0.416563 0.370003 0.719155 -1.15809 -0.649022 -0.372703 -0.0114024 -0.139684 0.0790355 0.180919 -0.0368298 0.125525 0.133407 0.0409657 0.0762339 0.160122 0.185708
0.217719 0.273981 0.283177 0.398745 0.74742 -0.552152 -0.472334 -0.166724 -0.263652 -0.184443 0.0156747 -0.0020862 -0.0542857 -0.0698826 -0.0566159 -0.146901 -0.328622 0.02573 0.194436
0.124249 0.150346 0.324536 0.485008 0.794613 -0.948976 -0.516908 -0.239797 -0.0468938 0.0741233 0.010398 -0.225082 -0.0191108 -0.0950442 -0.160441 -0.066293 -0.0155543 0.0519321 0.0586237
0.187549 0.0966931 0.211514 0.331308 0.626499 -1.05532 -0.71216 -0.262963 0.167441 0.126562 0.104685 0.0337466 -0.0458221 -0.133184 0.109616 0.165104 -0.0752094 0.198321 0.0777383
-0.02794 0.0369537 0.146247 0.703479 1.00122 -0.663301 -0.420894 -0.208347 -0.198545 0.0340346 -0.0141639 0.0182586 -0.136094 -0.232452 -0.178892 0.0871518 -0.0585597 -0.101655 -0.115102
0.0133206 0.191179 0.722609 1.07209 1.03608 -0.876894 -0.42874 -0.121207 -0.0935532 -0.206297 -0.126999 -0.143028 -0.407203 -0.219087 0.00855427 -0.0361583 0.00594151 -0.0398555 0.112904
0.0153328 0.0119294 0.126429 0.178968 0.834012 -0.958555 -0.830052 -0.165898 -0.0990358 0.0717261 0.153608 0.145861 -0.0039707 -0.00248763 0.0648767 0.0293639 0.120197 -0.0775037 -0.104667
-0.145342 -0.0864005 -0.0407034 0.418696 0.865447 -0.655636 -0.459047 -0.00632183 0.0353213 -0.232717 -0.115144 0.0907361 0.119397 0.0864329 -0.0127466 -0.037262 -0.168904 -0.0850615 -0.101883
0.215927 0.119459 0.0713105 0.226776 0.869661 -0.764721 -0.41886 -0.332873 -0.222488 -0.414621 -0.227704 -0.156166 -0.226927 -0.164364 0.113857 0.0769722 -0.191791 -0.203823 -0.138632
0.0293888 -0.056633 -0.00394877 0.343814 0.562339 -0.428795 -0.519314 -0.278093 -0.205413 -0.215395 -0.157622 -0.322672 -0.180562 -0.210626 -0.132223 -0.126707 -0.0844127 -0.0405073 0.0548916
0.183924 0.169643 0.151569 0.303622 0.339015 -0.250634 -0.062917 -0.0180174 -0.0918301 0.0474578 0.218923 -0.154905 0.0537585 -0.267425 -0.228468 -0.0636956 -0.0884425 -0.0483792 -0.0368909
-0.0758416 0.258404 0.326588 0.345979 0.270661 -0.481095 -0.310726 -0.147276 -0.30723 -0.0656721 -0.21884 -0.221408 0.0232478 -0.0725078 -0.0193929 -0.36881 -0.318782 -0.151723 -0.195851
-0.0266043 -0.0728303 0.23902 0.496494 0.654377 -0.152644 -0.035713 -0.139149 -0.132175 -0.2287 -0.299291 -0.302236 -0.0556457 -0.170359 0.0633724 -0.00641979 0.14136 -0.027986 0.0593449
-0.0194857 0.280034 0.323675 0.559832 0.955362 -0.721716 -0.240453 0.0920905 0.157405 0.0389774 0.165357 0.13487 -0.0271334 0.137618 0.247779 0.116858 0.205002 0.204657 -0.00316419
0.195121 0.204726 0.317742 0.511842 0.806573 -0.895565 -0.436814 -0.384558 -0.390146 -0.0678339 0.0655928 0.0810177 0.359423 0.296281 0.064653 -0.0451646 -0.155771 -0.148366 0.0594413
0.0724283 0.159613 0.126462 0.220785 0.914807 -0.996797 -0.835923 -0.369798 -0.145401 -0.273053 -0.0279121 0.0108018 0.0492672 0.0964364 -0.00221916 0.10272 -0.130112 0.0182115 -0.0620222
0.054566 0.0950173 0.345137 0.530877 1.00365 -1.25597 -0.922912 -0.554359 -0.25882 -0.0777327 -0.160598 -0.128699 -0.0561375 0.173714 0.320012 0.286845 0.20885 0.0819283 0.00160574
-0.0677302 0.0603831 0.125802 0.290839 0.762274 -1.12379 -0.620157 -0.0769998 -0.0164334 0.190004 0.0764892 -0.181917 -0.16789 -0.223631 -0.14877 -0.211779 -0.213996 -0.17446 -0.079598
0.247813 0.119409 0.231695 0.344177 0.94158 -0.909162 -0.490687 -0.178975 0.158623 0.0048072 -0.131017 -0.0318217 0.135196 -0.152084 -0.248319 0.226773 0.135491 0.115593 0.264153
0.18708 0.0666705 0.139386 0.406206 0.73638 -0.881782 -0.330719 -0.314253 -0.320212 -0.294655 -0.452507 -0.4599 -0.222694 -0.0992955 -0.0456657 -0.0681265 0.0796981 0.136966 0.215923
0.0309196 0.00129544 0.318566 0.875974 1.02362 -0.596888 -0.0282107 -0.109048 -0.185163 0.074435 -0.254918 -0.295135 0.0575983 -0.0550609 -0.00370099 0.0369088 0.108413 -0.0518801 0.0418926
0.163591 -0.0983698 0.0814397 0.502464 1.08416 -0.467289 -0.208399 -0.0973612 -0.137248 -0.221111 -0.469804 -0.17144 0.050477 -0.135244 0.0874952 -0.106548 -0.100586 -0.078461 0.12582
0.0216427 0.253655 0.531774 0.557079 0.877302 -0.538136 -0.246622 -0.070248 -0.0772163 -0.166107 0.121682 0.0180007 0.121944 -0.132144 0.0297829 -0.144986 0.0352199 -0.0922236 0.00692122
0.189104 0.0594941 0.219266 0.391954 0.938535 -0.711186 -0.36453 -0.301948 -0.184647 -0.050461 -0.00623464 0.00438745 0.0138159 -0.0611747 -0.0273703 -0.24718 0.0230866 0.119413 0.373076
0.00392254 0.15563 0.202579 0.288357 0.435565 -0.587745 -0.221922 0.189785 0.193863 0.0410143 -0.032414 0.0286067 -0.0950754 0.0405311 -0.105363 0.0877417 0.0969056 0.0153154 -0.0379469
0.103481 -0.023618 -0.115923 0.309701 0.791296 -0.362301 -0.32108 -0.106108 -0.0964605 0.200859 0.281042 0.268828 0.401654 0.265779 0.158593 0.240469 0.0797716 0.270152 0.402422
-0.165108 0.0199267 0.257653 0.239942 0.4027 -0.281339 -0.290166 -0.171543 -0.0614268 0.11679 0.0765608 -0.0327101 0.0982797 0.129144 0.00839007 -0.0971453 0.00930297 -0.0343705 0.00873494
0.116364 0.101467 0.468479 0.810903 1.19201 -0.611567 -0.189938 -0.141888 0.0700523 0.0934068 -0.186501 -0.133503 0.00126482 0.0777153 -0.073573 -0.0470672 0.161922 0.275024 0.153843
-0.0609576 0.029079 0.308557 0.680432 1.17077 -0.414351 -0.263978 -0.14312 0.0953848 0.0840663 -0.0426042 -0.0103655 -0.0461944 -0.0335275 -0.0943899 -0.389151 -0.234401 -0.11115 -0.143065
-0.20787 -0.0190161 0.0452063 0.256852 0.599261 -1.20102 -0.614525 -0.298826 0.00483898 -0.00853357 -0.0194683 0.171796 0.0886964 0.23613 0.0804473 -0.0154907 0.0680381 0.0729185 0.00668731
0.111174 0.243149 0.278279 0.275972 0.796295 -1.16244 -0.617281 -0.378905 -0.120372 -0.0308655 -0.226137 -0.292016 -0.17908 0.0142746 0.112724 0.0797842 0.00179019 -0.122907 -0.011905
0.105545 0.086223 0.411157 0.765331 1.13748 -0.641998 -0.194137 -0.134855 -0.0416752 -0.0473167 -0.11996 0.0713801 -0.096177 -0.24083 -0.127233 0.0514257 0.0889773 -0.00511124 -0.0413868
-0.136306 0.176612 0.156137 0.370157 0.657039 -0.386528 -0.108879 -0.0132933 -0.0198915 0.0744673 0.046952 -0.0894039 -0.0971834 0.160084 -0.163762 -0.152609 -0.231665 -0.334757 -0.216812
0.416263 0.263926 0.272229 0.302719 0.637335 -0.732936 -0.413866 -0.0438878 -0.183497 -0.114697 -0.0794639 0.0491728 0.213544 0.0371301 -0.0418232 -0.0316344 -0.204062 0.178921 0.421796
0.257592 0.183406 -0.0406587 0.205319 0.545903 -0.905733 -0.420307 -0.226446 -0.216859 -0.171112 -0.0770882 -0.220648 -0.19545 -0.194021 -0.102656 -0.00370343 0.259186 0.392127 0.366877
-0.0186167 -0.0219236 0.0528878 0.195968 0.538547 -1.10861 -0.330652 -0.212733 -0.177717 -0.0135818 0.0136915 0.0769476 -0.0757868 -0.132803 0.0567437 0.0576357 0.00107837 0.0878173 0.0510902
-0.00475054 -0.0220055 0.068427 0.313979 1.06867 -0.989375 -0.236498 -0.292053 -0.22449 -0.182051 0.117383 0.0162062 -0.121295 -0.293314 -0.263731 -0.303522 -0.0970708 0.16561 -0.0134978
0.142769 0.107279 0.0837565 0.284731 0.575928 -1.11072 -0.825053 -0.333768 -0.0690091 -0.0821121 -0.0881774 -0.250989 -0.204348 -0.0323824 -0.0268923 -0.0116423 -0.143047 -0.0988012 0.0107977
0.00304328 0.114627 0.233831 0.295438 0.714758 -1.09656 -0.783335 -0.398618 -0.0642121 -0.137394 -0.235594 0.0367136 0.0521368 0.118528 0.0692228 0.193053 -0.0558223 -0.121559 -0.168742
0.109747 0.370943 0.274669 0.669115 1.10254 -0.572922 -0.305196 -0.312606 -0.16132 -0.230763 -0.193952 0.0116584 -0.123221 -0.0942107 0.00470109 -0.08141 0.105862 0.0871629 0.209934
0.279973 0.113822 0.00326625 0.201752 0.682425 -1.08618 -0.474518 -0.20128 -0.0802762 -0.279202 -0.568934 -0.189941 -0.0821666 -0.041329 -0.0978166 0.0858574 0.0455379 0.0583112 0.251869
0.0074372 -0.00630539 0.145974 0.558138 1.2361 -0.82047 -0.441551 -0.167563 -0.0565228 -0.0638209 -0.194727 0.015232 0.142339 -0.0783945 0.12085 0.0649498 0.041161 -0.0611422 0.199487
-0.378388 -0.000176461 0.159428 0.392837 1.02576 -1.00589 -0.275764 -0.182796 -0.0589385 0.113957 0.0929822 -0.0420225 0.226813 -0.00759085 -0.341688 0.0298317 -0.0632983 -0.0524724 -0.174962
-0.100841 0.196806 -0.0868353 0.657303 1.05475 -0.66276 -0.444883 -0.171253 -0.01021 -0.216872 -0.0731226 -0.281735 -0.0318856 0.041882 0.0614151 -0.131807 -0.143133 -0.00270395 0.0182313
0.353113 0.513195 0.5937 0.821676 1.1679 -0.668671 -0.531527 -0.358338 -0.159994 0.124074 0.125438 0.10322 -0.0242717 0.0881498 0.155254 0.0495266 -0.0486234 -0.177654 -0.00346632
0.167832 0.383404 0.517069 0.474078 0.991562 -1.0238 -0.425209 -0.23903 -0.132541 -0.234819 -0.00279465 -0.046304 -0.243729 -0.312717 -0.190086 -0.201658 -0.156515 0.187206 0.341641
0.159416 0.0424064 -0.0207618 0.236933 0.60289 -1.12335 -0.75752 -0.20876 -0.0668613 0.105445 -0.0412529 -0.0133433 -0.054845 0.223233 0.143763 0.0758423 0.0292748 0.097258 0.0482753
0.0238108 0.0722325 0.257773 0.349923 0.918497 -1.00105 -0.443399 0.0503059 -0.293994 -0.260143 0.175052 -0.0623609 -0.18377 -0.196353 -0.0982184 0.161547 -0.00495988 -0.0951189 0.162974
-0.204995 -0.155928 0.05982 0.180009 0.396661 -1.10412 -0.66998 -0.375415 -0.110434 -0.0318364 0.127405 0.0603521 -0.0607888 -0.163976 -0.0256638 -0.141814 -0.019726 -0.0719733 -0.100942
0.28688 0.14745 0.0819211 0.499981 0.463211 -1.01713 -0.652372 -0.48208 -0.0463068 0.0160461 -0.032726 0.0136592 -0.00920317 -0.0981089 -0.0969578 0.0507466 0.00897005 0.396859 0.384711
-0.143901 0.156761 0.235898 0.113095 0.313956 -0.838271 -0.556816 -0.250573 -0.106816 -0.261036 -0.0179675 0.0250667 0.0457524 0.0680647 -0.0725483 -0.208513 -0.176555 -0.184921 -0.283247
0.0852937 -0.204377 -0.232025 0.169406 0.447583 -0.749821 -0.496066 -0.438551 -0.115717 -0.107184 -0.156447 0.0206526 -0.0466782 -0.100862 -0.11377 -0.160563 -0.0840751 0.182844 0.107948
0.0376933 -0.00864103 0.0480501 0.310325 0.560589 -0.91788 -0.789578 -0.321539 -0.194287 -0.105953 -0.0303349 0.163238 0.000269952 -0.0104575 -0.155455 -0.191611 -0.236865 -0.161311 -0.0571141
0.0597787 0.0610726 -0.124414 -0.214109 0.191168 -0.148464 -0.341659 -0.0238839 -0.0374963 0.299943 -0.0681164 -0.159137 -0.273191 -0.09352 0.0488966 -0.112059 -0.216101 -0.21537 -0.195966
-0.163528 0.226057 0.15895 0.286883 0.821765 -0.89258 -0.162118 0.132147 -0.0991101 -0.0621094 0.0874012 -0.147399 0.123099 0.112425 -0.00237457 0.0619132 0.138215 -0.0310332 -0.199608
0.23193 -0.158832 0.00250341 0.294457 0.749443 -1.15664 -0.339689 -0.0561785 -0.00991629 0.116757 -0.0217154 -0.12565 -0.113744 -0.119746 -0.016827 -0.198478 0.159294 0.0201151 0.154855
-0.0919018 0.161454 0.216547 0.480588 1.04668 -0.871382 -0.553269 -0.0497575 0.172824 -0.165104 -0.252019 -0.0881619 0.0537014 -0.0543434 -0.0541297 -0.154796 -0.0575835 -0.0465306 -0.244533
0.103835 0.355018 0.56381 0.61868 0.831751 -1.06563 -0.597214 -0.457419 -0.214735 -0.121461 -0.0142405 -0.206041 -0.211339 -0.197473 -0.0930756 0.0456139 0.0961161 0.148395 0.0458342
0.21508 0.16211 0.508113 0.797358 1.08708 -0.825626 -0.522009 -0.41819 -0.209134 -0.0795944 0.0460441 -0.0309249 0.0375482 -0.0654751 -0.0273662 0.0756311 0.309536 -0.0369275 0.112715
0.0659841 0.188502 0.246572 0.494545 0.986134 -1.09644 -0.754243 -0.557689 -0.387372 -0.125957 0.156669 -0.095408 -0.280914 -0.238334 -0.282672 -0.0829691 -0.108799 -0.197193 -0.121593
0.268151 0.290586 0.339466 0.618507 0.862428 -1.17171 -0.620544 -0.416153 -0.216639 -0.166912 0.149367 -0.0203218 -0.158329 -0.221795 -0.247719 -0.194193 -0.0465588 0.208217 0.104097
0.21093 0.296782 0.175889 0.447028 0.622168 -0.873464 -0.487653 -0.449666 -0.321189 -0.23935 -0.236835 -0.123236 -0.214863 -0.193573 0.27361 0.106204 0.297398 0.220571 0.163886
0.0698893 0.029676 -0.176823 0.243606 0.8916 -0.933854 -0.531455 -0.189038 -0.0257429 0.104668 0.2795 0.214873 0.180455 0.111037 0.0131474 0.062673 0.261967 0.170762 0.0558649
0.0965254 0.164986 0.261221 0.250434 0.667312 -0.424028 -0.350361 -0.137779 -0.157756 -0.251851 -0.230066 -0.121428 0.220416 0.158275 0.0545051 0.0246425 -0.0231951 0.0167203 -0.0236643
-0.0639965 0.0540283 0.162491 0.41465 0.638328 -1.03958 -0.436971 -0.412066 -0.224431 -0.0299841 0.321114 0.0778166 -0.158047 0.0189634 0.114157 -0.0113795 0.106693 0.0443069 0.00344967
0.388208 0.582269 0.919963 0.788228 1.15831 -0.887506 -0.353422 -0.287483 -0.441778 -0.0115872 -0.0268578 -0.0968098 -0.237721 -0.227754 0.126794 0.0595711 -0.221475 0.00535554 0.151666
0.192605 0.319024 0.355923 0.437124 0.892242 -0.850573 -0.197709 -0.0937661 -0.0300862 -0.145229 0.0971942 0.130789 0.110713 0.151815 0.0498047 0.178879 0.156542 0.189658 0.257318
0.278846 0.432457 0.752345 0.571326 0.96126 -0.667951 -0.339451 -0.134781 -0.0941298 0.215298 0.155392 -0.00222164 -0.206591 0.0477159 0.0246436 0.17512 -0.0233981 0.130674 0.196306
-0.0226604 -0.130746 0.505702 0.499105 0.887792 -1.0503 -0.231455 -0.281438 -0.163281 -0.122769 -0.126265 -0.0912536 -0.20686 0.311634 0.185681 0.193335 0.188444 0.266137 0.0609387
0.225168 0.274504 -0.0506303 0.0785407 0.868197 -0.997088 -0.941692 -0.531627 -0.249334 -0.379935 -0.0995868 -0.117658 -0.140222 -0.197058 0.0798923 0.0491951 0.14774 0.132028 0.0690606
