0.297344 0.0437794 0.132056 0.0917072 0.383781 -0.714511 -0.580322 0.0158845 0.18937 -0.0154648 0.101027 0.0778984 0.145858 0.25 0.33904 -0.0186089 -0.150579 0.187131 0.248812
-0.0218298 0.0287673 0.0490422 0.165812 0.397265 -1.22067 -0.856031 -0.579275 -0.285124 -0.0846926 -0.077146 0.224555 0.234606 -0.0922288 0.10403 -0.0783117 -0.0681618 -0.0266525 0.00935353
-0.0515093 -0.0133377 0.254193 0.387129 0.781156 -1.0296 -0.521097 -0.0939616 -0.00932965 -0.0209999 -0.0632923 0.0230239 0.118142 -0.0163429 -0.344625 0.0396887 0.176253 0.0429171 0.0299899
-0.128425 0.00618355 0.428844 0.769114 1.04511 -1.19838 -0.509132 -0.306754 -0.214105 -0.114844 -0.0777329 -0.124268 0.189361 -0.0993372 -0.0700426 -0.0500402 -0.335145 0.0637316 0.0438648
-0.242928 -0.284892 -0.157353 0.156556 1.04904 -1.22422 -0.646446 -0.264192 -0.11343 0.172683 0.0692542 -0.153254 -0.0477752 0.0814964 0.0248325 0.0951586 -0.228794 -0.193106 -0.164555
-0.219367 -0.218334 -0.0535196 -0.0328478 0.453756 -1.0584 -0.663857 -0.704591 -0.303257 -0.412975 -0.155954 -0.0104642 -0.0654669 0.0951912 0.245168 -0.000778412 0.0924808 -0.111008 -0.464605
-0.0143277 0.140287 0.126621 0.290914 0.449618 -1.21603 -0.988211 -0.424406 -0.0783743 -0.226899 0.149228 -0.0113898 0.229154 0.102193 -0.0372279 -0.157106 -0.0370697 0.186394 0.191844
0.280214 0.434074 0.18968 0.498032 0.841109 -0.402194 -0.0918582 -0.0151026 0.0158846 0.299116 0.379539 0.191855 -0.0354028 0.140484 0.110871 0.101892 0.2155 0.168729 -0.0207735
-0.000460458 0.130397 0.526099 0.507562 0.259692 -0.521497 -0.191246 -0.279399 -0.121211 -0.00704895 -0.085514 -0.0407622 -0.120925 -0.127981 -0.224296 -0.192452 -0.115796 -0.244434 -0.0631744
0.0434889 0.0716432 -0.241073 -0.0469384 0.302774 -0.647521 -0.291117 -0.0351597 -0.191267 -0.234005 -0.577383 -0.700586 -0.532245 -0.284156 0.0359923 0.0618211 0.261125 0.268335 -0.034819
0.617138 0.284418 0.471991 0.277504 0.915192 -0.469695 -0.142197 -0.158114 -0.0056885 -0.20409 -0.261598 0.0352335 0.312875 0.132343 -0.231151 -0.262158 -0.0870666 -0.00453681 0.583244
0.138497 0.469834 0.316783 0.715853 0.633485 -1.01546 -0.544688 -0.772664 -0.806431 -0.389748 -0.139398 0.101812 -0.13259 -0.0712775 0.187309 0.200826 0.120582 -0.134737 0.300675
-0.0543611 -0.00136967 0.245149 0.494554 0.571285 -0.714819 -0.304008 0.33163 0.407139 0.219243 0.220791 0.368502 0.249444 -0.148115 0.263321 -0.175769 -0.481139 -0.232821 -0.0188072
0.0465583 -0.121678 -0.0358774 0.483838 0.815057 -0.658946 -0.378526 -0.0231771 -0.0766296 0.110567 0.0597419 0.0420579 0.232924 0.291837 0.747085 0.317578 0.0951696 0.0835358 -0.0804077
0.103971 -0.019483 -0.0820597 0.0998433 0.541195 -0.552857 -0.680966 0.0872367 -0.00412622 -0.03234 -0.0935778 -0.192838 -0.0954783 -0.328792 -0.114339 -0.00994666 0.0236707 0.360093 0.429889
0.221753 0.135437 -0.0223317 0.368527 1.07725 -1.0592 -0.252304 -0.102204 0.0918372 0.0237657 -0.136579 -0.307561 -0.245258 -0.340608 -0.357734 -0.35407 -0.124797 -0.191074 -0.0910149
0.148337 0.183037 0.523853 0.800267 0.988686 -0.440645 -0.332411 -0.278755 -0.322493 -0.19432 -0.353865 -0.156699 -0.0982271 -0.0485964 -0.158715 0.134095 0.185664 0.266364 0.0176198
-0.0727055 -0.00607694 0.26261 0.429103 0.963661 -0.395122 0.119116 0.13726 0.00794087 -0.200808 -0.0761541 -0.0885798 -0.289315 -0.166404 -0.182192 -0.0357024 0.0740703 0.254196 0.178537
0.125779 0.0588073 0.399374 0.400018 0.321787 -0.899907 -0.593896 -0.266035 -0.0355522 -0.0923223 -0.0120389 0.0694396 -0.125636 -0.0371186 -0.0596467 0.0168143 0.35254 0.0727174 0.105351
0.402566 0.364198 0.258207 0.529469 0.48759 -0.757112 -0.762962 -0.591547 -0.493608 -0.22537 -0.0738686 -0.0526923 -0.252667 -0.0775108 0.162595 -0.0060826 0.173204 0.050283 0.347394
-0.0248438 -0.0693767 0.193309 0.409895 0.395756 -0.634189 -0.592893 -0.333021 -0.0583397 -0.218456 0.00853712 0.145021 0.0339342 -0.0059521 0.107431 0.054371 0.0808232 -0.0155277 0.00965782
0.0737874 0.0539138 0.238248 0.122971 0.404234 -0.430414 -0.200471 -0.138038 -0.0427001 0.145887 -0.132384 -0.132938 -0.152353 -0.205517 -0.221534 -0.258433 -0.139799 -0.214584 -0.0368986
0.0430813 -0.167212 0.173371 0.547508 0.637793 -0.717663 -0.473467 -0.0307639 -0.148896 0.142012 0.0750117 -0.301105 -0.343561 -0.19336 0.0910516 -0.0477762 -0.238784 0.0562914 0.141019
0.0233387 0.180679 0.436518 0.823338 1.18649 -0.622686 -0.246828 0.140686 0.14811 0.118869 0.00159432 -0.021985 -0.000914532 0.0547127 -0.213024 -0.289867 -0.0620083 -0.186274 -0.0632519
-0.0711113 -0.0905153 -0.0409874 0.564142 1.2389 -0.481012 -0.440712 -0.148136 -0.0246848 0.126532 -0.0294739 0.252186 -0.012778 -0.00316733 0.305168 0.412598 0.427544 0.210032 -0.0852416
0.295322 -0.00590775 0.351626 0.666914 1.03382 -0.907166 -0.613812 -0.483325 -0.306339 -0.0745384 -0.24354 -0.106403 -0.0163077 0.330085 0.393303 0.274882 0.343561 0.408994 0.322105
0.182647 0.157796 0.311717 0.629088 0.494812 -1.24847 -0.950031 -0.301416 -0.105571 -0.0152144 -0.251948 -0.223749 -0.0635633 -0.0368676 -0.0868713 0.283882 0.272027 0.23044 0.184058
0.102953 0.0221138 0.0809624 0.315626 0.94228 -0.825861 -0.458166 -0.136122 -0.0482086 -0.205916 -0.174661 0.125906 0.169221 0.237996 0.361551 0.446832 0.283068 0.251687 0.343953
0.309709 0.26496 0.330852 0.657661 1.06831 -0.770585 -0.658226 -0.358065 -0.214522 -0.0958616 -0.0909231 -0.123515 -0.00321669 -0.0971083 0.14536 0.0560429 -0.0362926 0.211206 0.324973
0.122285 0.0894781 0.550287 0.893075 0.991959 -0.799005 -0.430851 -0.256249 0.017359 0.282306 0.377431 0.264058 -0.0348989 -0.0330214 -0.0691944 -0.120772 -0.156824 0.0318081 0.0710377
-0.0453089 0.0207366 0.104497 0.552621 0.865387 -0.708903 -0.490525 -0.125418 -0.0628478 -0.126356 0.24023 0.419408 0.308818 0.244101 0.0423927 0.122269 0.153091 0.313126 0.144012
0.1411 0.192425 0.100025 0.418038 0.869559 -0.630842 -0.332562 0.0415448 0.0890457 0.00102344 0.292788 0.0647736 0.149255 0.135951 0.146298 0.0635334 0.0293482 0.258856 0.156671
-0.0555055 -0.0119387 0.124276 0.366917 0.451024 -0.973758 -0.0527249 0.0565706 0.162836 0.194827 0.198061 0.172873 0.146762 -0.0846899 0.161973 0.127976 0.0682764 0.0718899 -0.157081
0.147112 0.300304 0.501172 0.86281 1.03994 -0.814881 -0.380608 -0.203597 0.0654947 0.18158 0.212543 0.481877 0.117908 0.201695 -0.114716 0.00387946 -0.0909464 -0.132175 -0.057926
-0.0735112 -0.117664 0.334708 0.423448 0.703969 -1.06454 -0.967284 -0.458016 -0.0268192 0.365094 0.848205 0.601911 0.286132 0.630752 0.45647 -0.00621203 0.0898345 -0.0632656 -0.134415
0.367179 0.37973 0.52657 0.637731 1.20649 -0.923397 -0.681214 -0.231172 0.318132 0.155825 0.325477 0.17561 0.276064 -0.0182435 -0.0520899 0.0895571 0.292318 0.169655 -0.0374194
0.00674783 0.0564716 0.212314 0.430643 0.721923 -0.739255 -0.243046 -0.0833662 0.0143855 0.103339 -0.0143996 -0.00476664 -0.01696 0.399064 0.0271883 -0.191657 0.0470061 0.0162235 0.10147
-0.0589427 0.138938 0.320698 0.449289 0.482131 -1.22408 -0.882156 -0.484254 -0.350242 0.0151429 0.116858 0.370089 0.291854 0.417584 0.580963 0.123273 0.00583446 -0.280342 -0.0556879
-0.0780376 0.30392 0.674735 0.821352 0.972463 -0.503759 -0.1655 -0.0355194 0.0375804 0.35315 0.277967 0.22551 0.613098 0.288923 0.429931 0.203299 0.306371 0.108153 -0.0819814
0.280509 0.103346 0.102279 -0.0377088 0.439983 -0.601875 -0.354065 -0.0267819 -0.162832 0.150625 -0.0733206 -0.203731 -0.272335 0.0946013 -0.0796026 0.238787 0.176343 0.0855105 0.0968767
0.0533483 0.119637 0.333623 0.460862 0.994069 -0.639452 -0.620421 -0.143735 -0.102682 0.0475912 -0.104583 0.0114508 0.0378898 -0.00716091 0.129619 0.149703 0.129302 0.099446 0.190754
0.213946 0.0116077 0.148752 0.339418 0.447916 -0.488833 -0.419116 -0.196238 -0.115646 -0.140614 -0.0606582 0.169176 0.0406282 0.231749 0.433579 0.700716 0.531655 0.541712 0.391133
0.135727 0.142544 0.349852 0.537037 0.597472 -0.598213 -0.414183 -0.00686835 0.123084 -0.125063 -0.258738 -0.0406827 -0.0895132 -0.308402 0.0285035 -0.0617152 -0.113165 -0.0825623 0.11002
-0.219081 -0.0454985 0.481701 0.756638 1.09624 -0.809663 -0.294337 -0.249672 0.0664001 -0.194477 -0.22535 -0.400951 -0.406171 0.0315433 0.266451 0.328451 0.0802944 0.0439445 0.0946576
0.191306 -0.0504288 0.109675 0.528694 0.710554 -0.819721 -0.310158 -0.356405 -0.418101 -0.268805 -0.282052 -0.225258 0.031332 -0.0247815 0.0862256 0.135318 0.149688 0.036199 0.122273
-0.131628 -0.0987119 -0.0742439 0.142602 0.574934 -1.11888 -0.57959 -0.34125 -0.252122 -0.33263 -0.270352 -0.29946 -0.239328 -0.0244169 0.00658631 0.108806 0.150736 -0.0614235 -0.0990919
0.0742633 0.274128 0.20454 0.134529 0.646121 -0.910211 -0.13958 0.0702916 -0.00339953 -0.17282 0.0700051 -0.14853 -0.481586 -0.017501 -0.0234613 -0.383748 0.0361891 -0.557894 -0.595019
0.26486 0.107472 0.112334 0.231589 0.397808 -0.858025 -0.237662 0.330255 0.258596 0.349423 -0.125115 -0.0620184 0.0164239 0.17762 0.065944 -0.00895767 -0.138354 -0.00411465 0.0556595
0.152097 -0.0900599 0.0419483 0.356065 1.05911 -0.350114 -0.093048 -0.153841 -0.0114935 0.21771 0.0480638 0.0539776 0.148647 0.0145535 0.138779 0.105344 0.148335 0.215604 0.437484
0.282972 0.381486 0.130121 0.264362 0.588084 -0.75713 -0.192658 -0.28587 -0.195015 -0.234687 -0.157469 -0.0731822 -0.194225 -0.0601696 -0.00299267 0.0752747 0.112636 0.271055 0.524814
0.300489 0.0392941 -0.0833677 0.325684 0.739503 -0.925254 -0.488947 -0.63344 -0.364925 0.0209916 -0.214278 -0.234111 -0.113423 0.0064673 -0.268653 -0.0999113 -0.198003 0.0691031 0.408465
0.227237 0.620239 0.489883 0.256937 0.104184 -0.127197 -0.236513 0.00826906 0.0547403 -0.215332 -0.259596 -0.0531818 -0.0818703 0.106193 0.25362 0.154606 0.0415759 0.323986 0.278374
-0.0527739 0.108837 0.236827 0.25491 0.519107 -0.882044 -0.394778 -0.0427465 0.0137662 -0.140029 -0.387327 -0.11642 -0.14602 0.0121536 -0.0402314 -0.141182 0.273324 0.00294296 -0.0946729
0.140417 -0.188796 0.142367 0.200344 0.226685 -1.17836 -0.857193 -0.670523 -0.171085 0.0517631 0.21729 0.0611209 -0.0931077 -0.185341 -0.312434 -0.0403235 -0.239526 -0.234203 -0.0121728
0.167179 0.175715 0.147751 0.207819 0.501563 -1.24581 -0.716866 -0.414255 -0.0299701 -0.0464412 0.110755 -0.250981 -0.422891 -0.546741 -0.223952 -0.159829 -0.232336 -0.0666751 0.188862
0.0806169 0.232013 0.471312 0.55671 0.562713 -0.70926 -0.807071 -0.457675 0.071929 -0.179744 -0.0524699 -0.138973 -0.122797 -0.259738 -0.0775735 -0.18773 -0.30196 -0.137026 -0.0912228
0.0460604 -0.0674877 -0.0459466 -0.136779 0.0088873 -0.554907 -0.0937933 -0.392381 -0.477823 -0.243496 -0.428011 -0.273774 -0.120259 -0.100011 0.1147 -0.077757 0.0296074 0.16063 0.255272
-0.145904 0.0555665 0.283485 0.298254 0.738253 -0.306328 0.0250932 0.0936205 0.0704609 -0.0606032 -0.29132 -0.000384128 0.227682 0.174373 0.0786246 0.112156 -0.115733 -0.0158466 0.0186669
-0.179554 -0.331518 0.000257273 0.292226 0.494662 -0.4081 -0.168074 -0.259714 -0.137129 -0.195374 0.112547 -0.0980464 -0.163648 -0.178301 0.112837 0.00167519 -0.30513 0.118598 -0.195954
0.00956689 0.0681296 0.162238 0.460333 0.555806 -0.840869 -0.445506 -0.112926 0.0503202 0.118879 0.252062 0.246351 0.17511 -0.0329679 -0.0555256 -0.254714 -0.267803 0.000227634 -0.559176
0.133405 0.270614 0.491489 0.710185 1.0857 -0.750063 -0.57563 -0.259402 -0.162728 -0.0135933 -0.0837894 -0.256783 -0.191439 -0.0340843 -0.18343 -0.209103 -0.0258019 0.161367 0.421462
-0.0990918 0.33623 0.209807 0.398456 0.765013 -1.03373 -0.516626 -0.150061 -0.182122 0.0878206 0.255162 0.227108 0.162195 -0.0192474 -0.0484201 -0.0845828 0.191268 0.397383 0.0190317
-0.124486 0.0842403 0.34833 0.323764 0.682434 -0.924765 -0.458962 -0.386083 -0.309458 -0.0330006 0.0764743 -0.0135295 0.100597 -0.0270066 -0.156657 -0.0691902 0.273248 0.218409 -0.182242
-0.0700487 0.378665 0.418085 0.811346 0.808824 -1.04478 -0.455358 -0.092125 -0.0330724 -0.344801 -0.466996 -0.220577 -0.143175 0.00680419 -0.0234413 -0.0127198 0.092643 -0.208378 -0.0402326
0.318236 0.362204 0.457193 0.621227 1.06441 -0.698213 -0.231141 0.0178085 -0.121844 -0.253705 -0.040675 0.136087 0.180499 0.293849 -0.000972877 0.17523 0.248935 0.456662 0.386797
0.0883747 0.165081 0.164393 0.415622 1.14766 -0.162912 -0.0571165 -0.241172 -0.0701609 -0.134921 0.0478658 0.208537 0.147186 -0.183935 0.266827 0.49043 0.444529 0.133786 0.346977
0.292281 0.0503796 0.130347 0.424807 0.940131 -0.609498 -0.316652 -0.138671 0.151211 -0.16662 -0.0284973 -0.193596 -0.0470452 0.273163 0.552672 0.226689 0.198967 0.20188 0.0619543
0.131408 0.152295 0.0379242 0.60555 0.609682 -1.16191 -0.72068 -0.306861 -0.0821817 0.19384 0.214495 -0.125306 -0.21913 -0.19039 -0.254632 0.0225051 0.255542 0.214426 0.0435805
-0.138338 -0.155268 0.217207 0.283341 0.627522 -1.08683 -0.489514 -0.135739 -0.216513 0.242337 -0.000973231 0.118792 -0.17854 0.172023 0.190053 0.196501 0.174894 0.146952 0.124699
0.0968114 0.279995 -0.0149526 0.0869375 0.734853 -1.02818 -0.232104 -0.0853979 -0.178511 0.0781286 0.118143 0.0233144 -0.227938 -0.0338831 0.0859907 0.0698566 0.0895733 -0.123089 -0.239339
-0.0720748 -0.0263879 0.260568 0.850669 0.911644 -0.82433 -0.619224 -0.558195 -0.133932 -0.168971 -0.162798 -0.0667521 -0.0127406 0.15879 0.125961 0.199457 0.576678 0.402595 -0.0528687
0.0927836 0.334665 0.386174 0.52618 0.56961 -1.05921 -0.830101 -0.674753 -0.288412 -0.0892225 0.0242931 0.138914 -0.16108 -0.17926 0.0824294 0.131105 0.289828 0.246507 0.184032
-0.196141 -0.143986 -0.202746 -0.231707 0.54421 -0.869295 -0.310081 -0.304752 0.177795 0.232232 0.0824739 -0.135931 0.125191 0.246578 0.424465 0.215315 -0.135308 -0.222058 -0.238416
0.0129425 0.204373 0.0669075 0.0853976 1.02861 -0.811849 -0.365765 0.0932323 -0.0396953 0.0262356 -0.124339 0.300388 0.194576 -0.000216938 0.0301981 -0.0472525 -0.137549 -0.0890639 0.209328
0.319392 0.162985 0.0428004 0.116188 0.658026 -0.953877 -0.613623 -0.273399 -0.188291 0.206207 0.253758 0.0959249 0.0425913 0.0821969 -0.0450313 -0.107764 0.0271565 -0.0417224 0.274117
-0.129307 0.15088 0.407687 0.876433 1.05589 -0.849925 -0.396741 -0.516669 -0.423808 -0.0156565 -0.0817224 0.00823863 -0.0212467 -0.350246 -0.0202948 0.342601 0.274541 -0.275745 -0.269035
0.000459407 -0.167077 0.136972 0.443877 0.822851 -0.444641 -0.33832 -0.122959 -0.0222686 -0.224509 -0.114924 -0.164631 0.0184885 -0.204312 -0.231475 0.0503379 0.00812976 -0.0435385 0.00939121
0.0734018 0.0108993 0.137803 0.479121 0.515753 -0.534871 -0.0359032 -0.0290058 -0.107962 -0.0924483 -0.254223 -0.071603 0.0891791 -0.00404307 0.0710417 0.0236592 -0.181739 -0.0706419 0.0259586
0.304758 0.170889 0.111728 0.238506 0.38392 -0.0960618 -0.0045028 0.00426806 0.313008 0.0396679 0.111999 -0.22971 -0.195108 -0.211504 0.0859631 0.417899 0.395906 0.323152 0.33035
-0.0306886 0.217845 0.181136 0.175537 0.289238 -0.0590639 -0.194122 0.0254096 0.0765857 0.133448 0.0531236 0.0402356 0.285025 0.0598271 -0.0487919 -0.138922 0.124927 0.252266 0.170661
0.105942 0.363334 0.443356 0.369867 0.48655 0.0646005 -0.0416047 -0.0382701 0.0249261 -0.1858 -0.00913895 0.201965 0.318846 0.0777119 0.261425 0.151208 0.134967 0.136853 0.223923
0.0968278 0.000318249 -0.168508 -0.086398 0.100257 0.18489 0.127764 -0.0651496 -0.0665538 -0.101629 0.0125694 0.130427 0.226327 0.244848 0.10242 0.124924 0.0228447 -0.0255374 -0.090005
-0.0720248 -0.0232904 -0.14591 -0.0509067 -0.0301118 -0.0714236 0.022845 -0.0294107 -0.101699 -0.0641431 0.160983 -0.0325903 -0.0728333 -0.0823821 0.0298146 0.0330437 0.0312293 -0.0269457 -0.0765289
0.0635568 0.085176 0.0928072 0.123108 -0.0247289 -0.122112 0.213692 0.279721 0.206966 0.0037923 0.337348 0.3327 0.174036 0.0890805 0.0799266 -0.0793811 -0.129596 -0.48743 0.000308349
-0.113115 -0.397662 -0.231654 0.064167 0.182204 0.231777 -0.0462787 -0.0453027 0.315443 0.117447 0.109712 0.0802782 -0.0117547 -0.00550725 -0.061786 0.165701 0.0450092 -0.018724 0.0358432
0.0381111 0.099104 -0.153927 -0.174819 -0.19803 -0.194106 -0.221425 -0.0256768 -0.00647675 -0.040551 -0.27556 -0.023671 -0.0571792 0.0689347 0.372403 0.349802 0.107995 0.23381 -0.0210849
0.551895 0.237364 0.0466272 0.0282734 0.0685323 -0.0104432 -0.160642 -0.144362 -0.32288 -0.295583 -0.255728 -0.119709 -0.0536879 0.105426 0.00299006 -0.110818 0.0165582 0.381856 0.416072
0.0375378 0.0443958 0.398323 -0.0609286 -0.00562299 -0.0729023 -0.299379 -0.218691 -0.295308 -0.165871 -0.133329 0.0425332 0.277536 0.36553 0.183375 0.0874049 0.119186 0.150507 0.264227
0.0853194 0.0869416 0.0897357 -0.0677776 -0.15807 -0.172447 0.0322595 -0.0244775 -0.210485 -0.0231563 0.159915 -0.190252 -0.286905 -0.349062 -0.1483 -0.0305536 -0.156849 -0.0499818 0.0280456
0.079638 -0.100013 -0.204059 -0.326867 -0.3419 -0.154284 0.0540639 0.528678 0.155253 0.00147095 -0.123142 0.2279 0.0767004 -0.0398645 0.061081 0.0452139 0.111284 -0.09227 -0.0150915
0.154829 0.112393 -0.352414 -0.644748 -0.251076 -0.461582 -0.363682 -0.432855 -0.180825 0.0366326 -0.109382 -0.335734 -0.231272 -0.0929471 0.190498 -0.173618 0.10124 0.0701194 -0.00288819
0.0182043 0.348117 0.00550888 -0.0879587 -0.186289 -0.259421 -0.413782 -0.51412 -0.587624 -0.333045 -0.0414262 -0.179289 -0.0329109 0.0796017 -0.0822907 0.20871 -0.0532296 0.144648 0.175836
0.0228688 0.172735 0.0413448 -0.052465 0.11784 -0.184918 0.100271 0.17866 0.0771538 0.0795712 0.274246 0.282296 0.111552 0.0888798 0.162424 0.295671 -0.0367811 -0.0184193 -0.0105143
0.514643 0.561992 0.0980227 0.0574174 -0.208216 -0.256128 0.192094 0.104501 -0.132272 -0.0498702 -0.0768382 0.0555276 -0.0514053 -0.105234 -0.0131502 0.349812 0.473116 0.226948 0.0804726
-0.197967 -0.121939 0.04708 0.176311 0.111417 -0.481809 -0.275789 0.0677951 -0.0247195 0.0231699 0.00386224 -0.102657 -0.369592 -0.152459 -0.013509 -0.227892 -0.198239 0.0121756 0.108103
0.318593 0.295332 -0.105639 0.454176 0.648463 -0.140481 0.139701 -0.0629573 -0.0140572 -0.0203577 -0.09411 -0.0616763 -0.100925 0.0489417 0.0938169 0.0450912 -0.153337 0.167798 0.246584
0.233444 0.19958 0.0367828 -0.0358019 -0.0758757 -0.272519 -0.334102 -0.632301 -0.0810259 -0.28014 -0.188983 -0.233949 0.119749 0.152715 0.290188 0.203246 0.14658 0.0392849 0.391784
-0.0300881 -0.121106 -0.0722321 0.376692 0.665456 -0.47836 -0.258812 -0.318705 -0.578502 -0.566121 -0.53316 -0.0436494 0.187548 -0.175466 -0.0142356 0.0514394 -0.249468 0.0547198 -0.072514
-0.0155665 0.14058 -0.16401 0.188845 1.04046 -0.581735 -0.491335 -0.350498 0.176087 0.0505938 -0.239514 -0.238081 -0.165835 -0.351928 -0.18513 -0.116086 -0.28734 -0.115266 -0.0785359
-0.11917 0.244058 0.420465 0.784561 1.02843 -0.930078 -0.533936 -0.176085 -0.139465 0.0982334 0.00753928 -0.00324613 0.339851 0.368335 0.2389 -0.0601325 -0.134735 -0.0402177 -0.198311
