0.025331 0.0466847 0.0564098 0.181716 0.541827 -1.05987 -0.512092 -0.200427 -0.00256745 -0.136213 -0.0847166 -0.0754687 0.00786392 0.0314737 0.0261219 0.0204755 0.0845781 -0.00985834 -0.0102891
0.00234262 0.101726 0.112867 0.372332 0.70642 -1.0262 -0.399355 -0.192152 0.0750721 -0.0365045 -0.0725319 -0.143742 -0.0679603 -0.159934 -0.0192951 0.0382348 0.00645559 0.107188 0.0561785
0.14274 0.0718681 0.225959 0.487399 1.00002 -0.669732 -0.407223 -0.257742 -0.184408 -0.0412291 -0.0222798 -0.0363057 0.0103271 -0.0132279 -0.0255528 -0.0219325 0.0237691 -0.109643 0.051799
0.129721 0.0756145 0.25751 0.533947 1.23114 -0.421628 -0.221541 -0.0199915 0.0571644 0.0812302 0.0499866 -0.0298109 0.115311 0.0403653 0.00366556 -0.0382391 -0.0376429 -0.0232161 0.11675
0.113202 0.075596 0.146149 0.378711 0.948856 -0.770291 -0.436629 -0.097885 -0.140755 0.0407644 0.00975871 0.0733115 0.156128 0.102538 0.120524 0.156953 0.110459 0.106748 0.111978
-0.00468537 0.0397039 0.00359609 0.317706 0.955755 -0.840834 -0.413718 -0.213898 -0.130745 0.0372507 -0.0456757 0.0290343 0.0964789 -0.017002 -0.130104 -0.0528094 -0.0917326 -0.066022 -0.110918
-0.0334667 0.026681 0.236819 0.368455 0.721819 -1.11357 -0.491266 -0.137116 -0.111963 0.00171503 0.082381 0.0674832 -0.0271028 0.00543484 -0.0533812 -0.103556 -0.101641 0.0314191 0.0265306
0.154396 0.323496 0.374168 0.49693 1.02801 -0.834731 -0.462311 -0.25345 -0.058069 -0.0765424 0.00284122 0.135939 0.209157 0.0952347 0.0921028 -0.0244175 0.0399672 0.0578913 0.159734
0.129226 0.132082 0.328961 0.516977 1.23837 -0.719979 -0.247578 -0.0996803 -0.0797813 -0.0560685 0.0850884 0.0066737 0.0237472 0.203347 0.187577 0.107688 0.13848 0.0782439 0.105771
0.00922464 0.198803 0.285536 0.431405 1.08054 -0.867549 -0.262798 -0.0572871 -0.00552514 0.0709103 0.0318642 -0.00544988 -0.162872 -0.00143075 0.0300858 0.0391359 0.0786438 0.0639021 -0.0584248
0.161928 0.175982 0.242769 0.378609 0.88561 -0.605502 -0.303315 -0.140627 -0.045698 -0.0874067 -0.0457812 -0.0430708 -0.0378262 0.00222893 -0.0743376 0.114654 0.0979414 0.023861 0.0968384
0.0386821 0.0846981 0.187648 0.433779 0.980112 -0.930848 -0.432426 -0.259842 -0.249209 -0.0978155 -0.00783768 -0.0841447 -0.0323167 -0.0445873 -0.0962492 -0.0122221 -0.102939 -0.0908912 0.0316766
-0.13133 -0.0166167 0.152596 0.472904 0.991694 -0.649735 -0.300864 -0.143592 -0.0630904 0.0284712 0.0339635 0.0476689 0.00885178 0.0279203 -0.139298 -0.106959 0.012518 -0.166518 -0.101487
0.0867514 0.158645 0.139624 0.410386 0.972659 -0.732166 -0.321922 -0.0928654 -0.0701854 -0.08646 -0.0393556 -0.0893834 -0.00901125 0.0128068 -0.0625782 0.00251233 0.0379535 -0.028944 0.0311433
0.103362 0.0615275 0.130589 0.150582 0.500449 -0.903842 -0.603814 -0.343211 -0.183885 -0.0691221 -0.0159806 -0.0378051 -0.104195 0.00228769 0.0435201 0.0187871 0.0273743 -0.0272326 0.0511734
-0.0879084 0.0960704 0.191345 0.580765 1.04767 -0.659916 -0.379715 -0.188894 -0.116971 -0.0940659 -0.0482173 -0.0367943 -0.0184617 -0.037653 -0.14443 -0.0529898 0.0125163 -0.00460675 0.0322284
0.159475 0.090771 0.145424 0.473376 0.841485 -0.54322 -0.238958 -0.162734 -0.109848 -0.103913 -0.103688 -0.0146292 0.0731118 -0.0279983 0.000885112 -0.100743 -0.0667081 -0.0159688 0.081763
-0.117517 0.0433919 0.170575 0.23661 0.889083 -0.578541 -0.132319 0.0360282 -0.00225367 0.0310813 0.00767233 -0.0700426 -0.0601523 -0.0809247 -0.0635547 0.00630335 0.0358611 0.128627 0.00853386
-0.018568 0.00591154 0.145675 0.301039 0.574535 -0.945714 -0.448766 -0.127042 0.0426695 -0.093064 -0.166566 -0.0835433 0.0251047 0.0447656 -0.104167 -0.0918151 -0.0259227 0.0532882 -0.00774973
-0.122324 0.0651754 0.280542 0.540912 1.17384 -0.855533 -0.414141 -0.316453 -0.0691334 -0.160468 -0.110765 0.0369651 0.116936 -0.00392338 0.0422447 0.0812707 0.0599261 0.0162754 0.0116131
0.0902509 0.0511741 0.167792 0.429002 0.936874 -0.909617 -0.52371 -0.270958 -0.205344 -0.12747 -0.168787 -0.0535971 -0.061985 0.0122786 0.0477379 -0.112524 -0.0909345 -0.0212539 -0.0190472
0.103371 0.118223 0.255906 0.561443 1.08941 -0.596636 -0.13397 0.0373159 -0.0755896 -0.083707 -0.120003 -0.059035 0.0388564 0.0352775 0.0414854 -0.105088 -0.102335 -0.0602098 0.0436682
-0.104198 -0.00617982 0.250236 0.672496 0.88471 -1.01272 -0.281836 -0.130986 -0.0597924 -0.0688493 -0.0421352 0.0306195 0.0845111 0.0634617 0.0840242 0.00659531 0.0897974 0.0374104 -0.00625327
0.193955 0.158424 0.241946 0.375972 1.04564 -0.835195 -0.483912 -0.169035 -0.117708 0.0644228 0.0553263 0.0269971 0.116346 -0.039587 -0.0275718 0.00911912 0.188348 0.222473 0.185277
-0.00790769 0.00184205 0.253659 0.540807 1.12967 -0.827333 -0.375693 -0.128198 -0.132937 -0.133085 0.00211197 0.063103 -0.0388587 -0.0509715 -0.0827488 -0.0692522 -0.115339 0.0142147 0.0300461
0.0530214 0.0313836 0.229529 0.595562 1.01976 -0.708605 -0.314232 -0.15686 0.0181009 -0.0193426 -0.0670069 0.00014823 -0.0306128 0.0742329 0.057879 -0.119696 -0.0511301 -0.115656 0.0269945
-0.000353702 0.0363473 0.212977 0.519975 1.04724 -0.795606 -0.343824 -0.18819 -0.0705874 -0.0676134 -0.0371385 -0.0588358 -0.020346 0.0977308 -0.00432658 -0.071293 0.0330877 0.0472919 0.0289819
1.91184e-05 0.0779215 0.189781 0.442693 0.979933 -0.82263 -0.256286 -0.132829 -0.0300578 0.0289355 0.0321698 0.0214654 0.0763864 0.00325402 -0.0364579 -0.0802222 0.0604141 0.0146869 -0.0157145
0.184357 0.0881102 0.192857 0.500191 0.841783 -0.812661 -0.270972 -0.0511585 0.0791571 0.156047 -0.0276167 -0.0130768 -0.139051 -0.141374 -0.0953549 0.0327906 0.234377 0.0936678 0.147069
0.0886458 0.072858 0.0591686 0.47957 1.2428 -0.683298 -0.255392 -0.0493636 -0.06776 -0.0709774 0.000809807 -0.0722685 -0.0260039 -0.0358826 -0.0396918 -0.197581 -0.149768 0.00386078 0.0592825
-0.150179 -0.0202074 0.17356 0.47599 0.635919 -0.896964 -0.484118 -0.309797 -0.170952 -0.157394 -0.147715 -0.173121 -0.157129 -0.136413 -0.0560718 0.0755827 0.0449639 0.0721252 -0.114001
0.10262 0.155168 0.214741 0.210322 0.512803 -1.21377 -0.620923 -0.297008 -0.0432954 -0.149677 -0.172097 -0.187959 -0.0320742 -0.0378799 -0.0102254 0.0386109 0.0684353 -0.0836223 -0.00500633
0.0580667 0.101138 0.166667 0.435014 0.897238 -0.875925 -0.509317 -0.216391 -0.102681 -0.16831 -0.145571 -0.0853411 -0.0782179 -0.0235139 -0.0218789 0.0424426 0.0377451 0.117652 0.0115749
-0.152696 -0.0723165 0.0750215 0.378737 0.573241 -1.0256 -0.574762 -0.362367 -0.260214 -0.0910707 -0.0149057 -0.0998757 -0.116862 0.122003 0.0620568 0.066878 -0.00114901 -0.131364 -0.0688473
0.0350786 0.248468 0.141624 0.383783 0.830248 -0.809325 -0.362543 -0.105705 0.00867744 0.0408613 0.00529081 -0.115098 -0.0608228 0.0306853 0.0112248 -0.100885 -0.0951589 -0.102079 -0.00270712
-0.0124766 0.105701 0.0396306 0.302843 0.749135 -0.87425 -0.366725 -0.156147 -0.0373895 -0.011061 0.0814877 0.0791298 0.0519283 0.0113794 0.0359602 -0.0235596 -0.0147648 -0.0433191 -0.0435139
0.147378 0.0380029 0.130987 0.340587 0.772132 -0.828084 -0.216983 -0.164552 0.0246911 0.104854 -0.0485114 -0.0551871 -0.0626195 0.0290271 -0.0226764 -0.005265 0.0427607 0.134237 0.160664
-0.0396865 0.0288225 0.201913 0.345245 0.810673 -0.920018 -0.468656 -0.183486 -0.0131977 -0.0644945 0.152927 0.0460655 0.0572025 0.0348999 0.0536783 0.051765 -0.00541555 0.0296716 0.00318518
0.0334734 0.0408785 0.195947 0.52201 0.913584 -0.890469 -0.537415 -0.128568 -0.0118488 0.00520734 -0.0519167 -0.0723074 -0.0230223 -0.0498371 -0.0368646 -0.0369637 -0.0039869 -0.0489337 -0.0556021
0.0855104 0.263195 0.332581 0.559718 1.1928 -0.683602 -0.278615 -0.170946 -0.0728132 -0.0466388 -0.0276147 0.00821852 -0.10571 -0.102384 -0.12381 0.0871715 0.030679 -0.072407 -0.0989106
0.128317 0.0917222 0.177045 0.340563 0.857837 -0.73817 -0.352492 -0.178919 -0.0662889 -0.0951795 -0.0124819 0.0901491 -0.0800252 -0.082211 -0.0231129 0.00422527 0.0444661 0.230073 0.130449
0.0474411 0.0494745 0.180579 0.435774 1.10419 -0.673504 -0.400957 -0.25448 0.0352262 -0.0397236 0.00468325 -0.0353224 0.0292032 -0.0577871 0.0786294 -0.0131518 -0.0324394 0.0474632 0.0894823
0.0715519 0.22758 0.214761 0.327938 0.903857 -0.712402 -0.242159 -0.146021 -0.104251 -0.139189 -0.051969 0.00473646 0.057941 -0.032827 -0.00604202 -0.0290079 0.0827743 0.0915822 -0.00786994
-0.0134457 -0.0338353 0.140172 0.423218 0.915898 -1.0512 -0.302004 -0.214055 -0.103521 -0.0680161 -0.0716195 -0.209098 -0.190781 -0.139725 -0.141867 -0.0959527 -0.0317027 0.0324471 -0.130379
0.133924 0.10192 0.173503 0.447336 0.711848 -1.1958 -0.613088 -0.171488 -0.143994 0.000448936 0.0170997 -0.0804986 -0.0195569 0.111003 0.059383 0.0713752 0.0147976 0.0486178 0.0652963
-0.0772683 -0.00955836 0.101927 0.508042 0.935161 -1.19418 -0.448402 -0.125273 -0.113373 -0.105936 -0.201603 -0.0103286 0.0102626 0.104813 0.0971964 0.132593 0.00771183 -0.121399 -0.079556
-0.0708992 -0.0119159 0.0341067 0.413664 0.773205 -1.05863 -0.488821 -0.208296 0.00451828 0.0393253 -0.0306757 -0.0368994 -0.110339 0.00507622 4.28884e-06 0.0431809 0.0274877 0.00540872 -0.0909631
-0.0855653 -0.149141 0.0713782 0.23983 0.720153 -1.07771 -0.571058 -0.237369 -0.196769 -0.122914 -0.202386 -0.130678 -0.101599 -0.132796 0.0179542 0.00138771 0.1087 -0.00296128 0.0445573
0.0920281 0.0928263 0.143057 0.258712 0.574419 -1.20312 -0.609679 -0.238235 -0.0961572 -0.0716286 -0.0742048 -0.122574 -0.0653282 0.0803122 0.108242 0.0188337 0.0350902 -0.127469 -0.0265197
0.0906459 0.106794 0.0357222 0.298708 0.714426 -1.09041 -0.499217 -0.285464 -0.129368 -0.0790732 -0.0320511 -0.0231286 -0.0647239 -0.0166307 -0.0391779 0.0101976 -0.0695502 0.0247108 0.0205921
-0.0781738 0.0270208 -0.00415425 0.26878 0.747918 -1.12805 -0.567964 -0.232641 -0.152889 -0.114304 -0.129224 -0.241843 -0.0874105 -0.0704964 -0.0409918 -0.00727902 0.00950821 -7.42879e-06 -0.113275
-0.000245262 -0.0220122 0.11563 0.316395 0.587415 -1.04167 -0.54378 -0.158885 -0.0970637 -0.104108 -0.00286304 0.0421513 0.0666 0.044353 0.0313695 0.082267 0.00621382 0.00631301 -0.0501242
0.138829 0.159757 0.294573 0.527912 0.837913 -0.940883 -0.443968 -0.321919 -0.160939 -0.124309 -0.103959 -0.0732952 -0.0559892 -0.0829714 0.00437755 -0.0571215 -0.0209917 -0.178647 0.101765
0.12607 0.120996 0.191099 0.399123 0.761859 -1.15884 -0.547545 -0.287618 -0.0564453 0.152215 -0.0104742 0.00751798 -0.0362861 -0.0316014 -0.0724499 -0.0488663 0.0615057 0.0249107 0.0915616
0.0313275 0.109314 0.0459405 0.150511 0.43678 -1.13026 -0.706612 -0.365798 -0.245646 -0.191678 -0.0319663 -0.0722417 -0.0630628 -0.105973 -0.0853518 -0.0492457 0.0125648 0.135371 0.0240801
-0.0134385 0.00999177 0.00634954 0.186066 0.564865 -1.16749 -0.587932 -0.209577 -0.0981423 -0.0388094 -0.0597101 0.0301865 -0.0465282 0.0166081 0.110995 0.0792303 0.0442388 -0.0205221 -0.00616658
0.063295 0.154431 0.26479 0.560661 1.02688 -0.983943 -0.477858 -0.108146 -0.113505 -0.0905489 -0.0239752 -0.0617042 0.00550294 0.0872375 -0.150289 -0.0849984 -0.0986444 0.0186735 0.0899133
0.1293 0.191094 0.270275 0.569996 1.16057 -0.620764 -0.361879 -0.11092 -0.0695241 -0.0241368 0.0198115 0.06566 0.0817975 0.0852197 0.0638702 -0.0455073 0.0345598 0.109617 -0.00209182
0.164329 0.138276 0.310483 0.444812 1.16499 -0.702157 -0.178308 -0.175023 -0.184503 -0.247015 -0.103552 -0.0916581 -0.0802919 0.148571 0.0878828 -0.00300711 -0.0744234 -0.127675 -0.0119669
0.0919431 0.141568 0.319093 0.639343 1.16621 -0.455066 -0.228562 -0.095688 -0.068674 -0.101629 -0.111297 -0.0485798 -0.0717183 0.0165714 -0.0418333 -0.0641761 -0.0956808 -0.0348787 0.0102324
-0.110421 -0.0180386 0.246929 0.409211 0.708347 -0.898026 -0.343782 -0.293096 -0.0510893 -0.0512114 0.0264669 -0.0408351 0.058634 -0.0158517 -0.00409321 0.131706 -0.039232 -0.00262967 -0.0521384
0.0585033 0.144151 0.228745 0.302363 0.700844 -0.840399 -0.397644 -0.203272 -0.0878884 0.0817325 0.146822 0.0538076 -0.0800887 0.013325 -0.0252055 -0.0117485 -0.0262878 -0.106132 -0.0250469
0.144761 0.166162 0.275315 0.328743 0.988761 -0.79424 -0.430861 -0.267773 -0.203646 -0.0128489 0.0662003 0.0309572 0.0316043 0.0683992 0.0301774 0.0136208 0.0646282 0.0638461 0.0852452
0.130833 0.196264 0.345755 0.665499 1.14304 -0.574178 -0.206029 -0.0596049 0.0792864 0.104801 0.069136 0.0294303 -0.00584264 -0.0396885 -0.00176463 0.0532914 0.17157 0.0216181 0.204431
0.0448979 -0.0353539 0.213975 0.537782 1.14356 -0.61689 -0.34785 -0.128622 -0.085038 -0.0324341 -0.078079 0.0367189 -0.0839025 -0.0925623 -0.0403839 0.0076707 0.0510126 0.0338743 0.0983863
-0.158356 -0.0253721 0.204017 0.523234 1.10009 -0.802397 -0.365658 -0.0954473 -0.135506 -0.13017 -0.0349475 0.0530988 -0.0294347 0.134044 -0.00309432 -0.0383357 -0.000957632 0.0789213 0.108996
-0.0684678 0.0247361 0.146233 0.558655 0.940156 -0.790299 -0.486199 -0.425415 -0.253949 -0.159642 -0.12597 0.0477314 0.0905145 0.0517624 -0.0501322 0.00712954 0.103922 0.134362 0.0255158
0.0811701 0.113154 0.10402 0.411103 0.72019 -1.07806 -0.49619 -0.26826 -0.114098 -0.0729307 -0.0138206 -0.0102302 -0.0800918 -0.132554 -0.0113405 -0.0638272 -0.0462592 0.00178764 0.0443741
0.0324545 0.0317177 0.144682 0.319915 0.45509 -1.19645 -0.56006 -0.187567 -0.040124 -0.109849 -0.143501 -0.031668 -0.0217181 0.020578 0.150318 0.193673 0.157635 0.0399711 0.210288
-0.0849415 -0.150006 0.122914 0.256741 0.473684 -1.16449 -0.429605 -0.152596 -0.0322951 -0.0796549 -0.0445564 0.0188041 0.0129517 0.0678036 -0.00191264 -0.0343315 0.0104675 -0.0310932 -0.0671557
0.00810675 0.0743642 0.0855535 0.526292 0.827184 -1.02115 -0.404623 -0.172787 -0.0191196 -0.0644667 -0.195535 -0.072859 0.0274644 -0.0369828 -0.131479 -0.0314422 -0.0232663 0.047785 -0.0134822
-0.347968 -0.206878 0.0271464 0.425001 1.06069 -0.584549 -0.210436 -0.0332778 -0.0286209 -0.126741 -0.08551 -0.121892 -0.0698906 -0.162805 -0.105678 -0.087497 -0.0715624 0.0643598 -0.0202052
-0.0347899 0.223536 0.335723 0.585396 1.25441 -0.51969 -0.254701 -0.208603 -0.201553 -0.175717 -0.075401 -0.153638 -0.156505 -0.0762671 0.0648427 0.0594501 0.0914324 -0.0350679 0.0101287
0.232475 0.0541119 0.12803 0.43897 0.965229 -0.854465 -0.254823 -0.167909 -0.149041 -0.18009 -0.144488 -0.175023 0.00150238 0.0353161 0.0494166 0.100778 0.128361 0.123975 0.129728
-0.107278 0.011496 0.247222 0.46669 0.805947 -1.18771 -0.447936 -0.144196 -0.0149456 0.0707619 -0.0309789 -0.145886 0.0428449 0.0999067 0.0259272 -0.0171025 -0.0191387 0.0146585 0.0395116
-0.0259282 0.00250676 0.18496 0.219158 0.527737 -1.1272 -0.537103 -0.359865 -0.0746299 -0.116687 -0.0693958 -0.0793324 -0.109832 -0.0260092 -0.0653655 -0.110177 -0.0998396 -0.0486897 -0.15967
-0.0403786 -0.012757 -0.118768 0.306733 0.833812 -1.1849 -0.793395 -0.399322 -0.124479 -0.147279 -0.15812 -0.118726 -0.178659 0.0366541 -0.0910878 -0.0790295 -0.150707 0.0683641 0.0304494
0.226155 0.163684 0.26736 0.299452 0.576837 -1.16925 -0.544593 -0.287432 -0.0796801 -0.0835498 0.00840485 0.00224393 -0.0295027 -0.0723761 0.009603 -0.108946 -0.0164393 0.029567 0.173662
0.0481944 0.0327069 -0.154243 0.238244 0.635607 -1.19078 -0.541996 -0.245408 -0.158369 -0.0532374 -0.169631 -0.179197 -0.0903579 -0.0668313 -0.0113097 -0.0292961 -0.0432761 0.130526 0.179276
0.0614102 0.0591886 0.159041 0.511156 0.736788 -1.03627 -0.499313 -0.161274 -0.0988931 -0.0271982 -0.041708 0.121815 0.0865185 0.0417119 -0.0291551 -0.0388569 -0.162547 -0.124283 -0.148485
0.0178844 -0.000212833 0.111169 0.445209 0.876754 -1.07317 -0.44671 -0.16006 -0.000832208 0.0199551 -0.0475675 -0.0208233 0.0264494 -0.0156194 -0.0205654 -0.030777 -0.0643117 -0.0255369 0.00167711
0.0410879 0.0691261 0.243957 0.554843 1.05595 -0.917015 -0.546508 -0.244789 -0.122057 -0.00696191 -0.130559 -0.0355024 0.0701445 0.084349 0.0169692 -0.0298465 0.160321 0.0292454 0.0414376
0.101136 0.172414 0.131888 0.323266 0.745822 -0.89363 -0.54231 -0.288944 -0.162985 -0.0485471 -0.172028 0.0777376 -0.00693927 -0.00066237 -0.0731167 -0.0695308 -0.0424123 0.0143856 0.0666084
0.103611 0.164993 0.198581 0.404383 1.08807 -0.762973 -0.559688 -0.32358 -0.242682 -0.137647 -0.00283705 0.149735 0.159111 0.0594407 -0.00444007 -0.0256472 0.054035 0.029179 0.0156261
-0.0177423 0.0385862 0.352706 0.40572 0.783903 -1.07069 -0.412098 -0.301676 -0.0281174 -0.0015622 -0.1431 -0.144329 -0.0301965 -0.0365152 -0.169147 -0.123027 -0.00256427 -0.00308492 -0.049106
-0.0869541 0.0208481 0.20247 0.528368 1.16898 -0.764419 -0.332954 -0.0238038 0.0237311 -0.08839 -0.0816513 -0.000274928 0.0307708 0.00213669 -0.0286025 -0.0581272 0.0323363 -0.0413335 0.0411803
0.106581 0.164637 0.218858 0.615446 0.989966 -0.763738 -0.320245 -0.123129 -0.141953 -0.136073 -0.0605252 -0.100314 0.0219975 -0.0541952 -0.0278038 0.0458781 -0.0237162 -0.083028 -0.0403674
0.0912818 0.0568084 0.085728 0.304775 0.929496 -0.948338 -0.45033 -0.160351 -0.083561 0.0249264 0.0184351 0.00898742 -0.0125287 0.0499229 0.0253545 0.0767971 0.0439677 -0.00239663 0.067846
-0.0441618 0.0423551 0.163646 0.283415 0.706311 -1.09311 -0.582011 -0.315689 -0.173784 -0.0851445 -0.0836787 -0.0825747 0.000157072 0.0916589 0.0420293 0.00194648 0.017156 0.136834 0.0634419
0.0304596 0.0479964 0.170074 0.443423 1.0759 -0.804065 -0.367524 -0.34508 -0.294146 -0.271102 -0.245795 -0.0692568 -0.196351 -0.0614352 0.0146932 -0.101234 -0.0339001 0.019152 0.0859728
-0.0369179 -0.0446132 0.0543832 0.202847 0.635447 -0.904372 -0.244802 -0.175047 -0.00534188 -0.0723155 -0.04313 0.00174456 0.120869 0.0952896 0.0939181 0.00650975 0.0603071 0.102412 0.064366
0.0468211 -0.103916 0.118738 0.37771 0.75556 -0.871132 -0.369217 -0.116315 -0.0870425 -0.0439127 -0.0712254 -0.000210787 -0.0601469 -0.0505243 0.0371123 0.00535465 0.16209 0.057549 0.0853269
0.074711 0.104515 0.123483 0.145424 0.645465 -0.980633 -0.454362 -0.400936 -0.125224 -0.146106 0.0911636 0.0633711 0.0290605 0.0395407 0.0610869 -0.0356608 0.0453929 0.0934153 0.01874
-0.0595055 -0.0328236 0.00556782 0.353953 0.868049 -0.974974 -0.424412 -0.168469 -0.0489176 -0.116078 0.0477098 0.00493641 -0.0576218 -0.0399192 0.0563693 0.0137063 0.0375827 0.0480428 -0.0112026
0.101789 0.0501538 0.0629996 0.34851 0.814985 -0.882101 -0.496906 -0.159184 -0.113212 -0.174713 -0.0740346 -0.162929 -0.113745 0.0157458 -0.0124366 -0.0586591 -0.062924 -0.0527792 0.00576678
0.0662114 0.0934541 0.222161 0.320495 0.74687 -0.943404 -0.616627 -0.354004 -0.113365 -0.0846537 0.0160873 0.0286713 -0.0220595 -0.0134554 -0.0017695 -0.0788552 -0.0798317 0.059289 -0.0426422
-0.0269234 0.123609 0.224324 0.457453 0.910495 -1.03173 -0.41904 -0.138713 -0.117326 -0.0127874 0.0685333 0.0535528 0.162965 0.160351 0.185387 0.182822 0.0733084 -0.000636226 -0.186939
0.00363343 0.102239 0.173256 0.478506 1.16726 -0.768196 -0.422845 -0.187426 -0.102866 -0.100558 0.0129723 -0.0177213 0.0868741 0.0556328 -0.0197123 0.105698 -0.00987576 0.0244983 -0.0248761
-0.019787 0.16376 0.26043 0.543523 1.1445 -0.744108 -0.268864 -0.0891308 0.0645588 -0.0991418 0.0180836 -0.0758326 -0.141072 -0.130334 -0.142441 -0.0329198 -0.0342604 -0.102565 0.0642505
0.094111 0.126338 0.306605 0.681782 0.995875 -0.791606 -0.292381 -0.0250518 -0.100066 -0.186829 -0.0404436 0.014191 -0.0491688 -0.178334 -0.160875 -0.114789 -0.112732 -0.0866036 0.07325
