0.0464866 0.0792769 0.167841 0.390743 0.871784 -0.869156 -0.389283 -0.17307 -0.0757322 -0.0362986 -0.0241359 -0.019888 -0.0103267 -0.00476194 0.00166489 0.00770824 0.00226188 0.00639484 0.0174998
0.0376884 0.0748389 0.176741 0.396447 0.879776 -0.886119 -0.401492 -0.174866 -0.0776311 -0.04026 -0.0275307 -0.0104673 -0.0153267 -0.00974985 -0.00327848 -0.000169231 0.0079449 0.0105689 0.0207999
0.0362392 0.0743775 0.171219 0.390729 0.873819 -0.876436 -0.393664 -0.172004 -0.0810874 -0.0415154 -0.0251864 -0.00886522 -0.00846408 -0.00663714 -0.0024373 0.00537996 0.0122531 0.00721808 0.0215464
0.0365953 0.0688827 0.16949 0.387592 0.871902 -0.877662 -0.388156 -0.170323 -0.0815397 -0.037516 -0.0280619 -0.0207715 -0.00870706 -0.00248851 -0.00478259 -0.00177149 -0.000548394 0.00866151 0.0250348
0.0412615 0.0789637 0.174197 0.384816 0.862258 -0.897602 -0.401718 -0.175125 -0.0777328 -0.0356268 -0.0177958 -0.0126869 -0.00431138 0.00147899 0.00197289 0.00276194 0.0102217 0.0130349 0.0289141
0.0456299 0.0842937 0.180077 0.393231 0.87197 -0.874513 -0.394609 -0.174369 -0.0767212 -0.0397102 -0.0207242 -0.0112184 -0.00133615 -0.00607306 0.00547988 0.00733422 0.00799118 0.0158417 0.029356
0.042973 0.0796946 0.173104 0.389321 0.867767 -0.894788 -0.395376 -0.172578 -0.0761498 -0.0425639 -0.0198812 -0.00988707 -0.00765629 -0.00529147 -0.00376212 0.00502414 0.0080704 0.00966079 0.0248478
0.0459149 0.0865888 0.174685 0.384164 0.860107 -0.905507 -0.398288 -0.179006 -0.0788315 -0.0370875 -0.0237475 -0.0123855 -0.00607788 -0.00715456 -0.000392743 0.00540132 0.0107884 0.0189223 0.0286539
0.0388097 0.0810039 0.174357 0.379685 0.847942 -0.90911 -0.405353 -0.175916 -0.0760126 -0.040138 -0.0220779 -0.0184185 -0.0108256 -0.0131971 -0.00902132 -0.00134313 0.00711867 0.0169507 0.0237906
0.0379348 0.0795261 0.176731 0.395159 0.861179 -0.887881 -0.3894 -0.16596 -0.0754647 -0.0311666 -0.0182295 -0.0107364 -0.00553522 -0.00617655 -0.00270691 0.000449732 0.00769773 0.017647 0.0261814
0.038545 0.0758993 0.157144 0.372654 0.856971 -0.88708 -0.391568 -0.171377 -0.0734191 -0.0316359 -0.0205995 -0.0124755 0.00218152 0.00108392 0.00847474 0.00718497 0.0107522 0.0115933 0.0252113
0.0427471 0.0748711 0.171008 0.381908 0.841147 -0.897931 -0.402789 -0.181456 -0.0805733 -0.0341584 -0.0197788 -0.00770356 -0.00497544 -0.00952944 -0.00171241 0.00192674 0.00730032 0.0100045 0.0195058
0.0356408 0.0793379 0.168269 0.378262 0.843721 -0.891868 -0.394439 -0.179592 -0.0816013 -0.0438755 -0.0184708 -0.0117027 -0.00650033 -0.00321548 0.000205797 0.00520863 0.011913 0.0117988 0.0194922
0.0396086 0.0847318 0.176354 0.384534 0.85836 -0.889554 -0.398437 -0.170749 -0.0779218 -0.0345402 -0.0205474 -0.00916785 -0.00589707 0.00138131 0.00404108 0.00628963 0.00964398 0.0132406 0.0212722
0.0397476 0.0769634 0.167936 0.376966 0.853926 -0.900064 -0.404695 -0.175208 -0.0785782 -0.0398214 -0.0230554 -0.00817394 -0.0090497 -0.00334779 0.00458533 -0.0019829 0.011114 0.0164488 0.0249631
0.0400447 0.0774235 0.170998 0.384166 0.85534 -0.909988 -0.408161 -0.182824 -0.0906631 -0.041718 -0.0167805 0.000720064 -0.00218361 -0.000785623 0.00838453 0.00638265 0.00931159 0.016897 0.0279028
0.0392497 0.0783437 0.166528 0.381032 0.858905 -0.901552 -0.415093 -0.177802 -0.0859381 -0.0352223 -0.019099 -0.014087 -0.00730039 -0.00198959 0.00421838 0.00693427 0.00798837 0.0194792 0.0219461
0.0335043 0.0774968 0.172477 0.392897 0.866176 -0.890947 -0.401211 -0.173526 -0.0806823 -0.0440587 -0.0229023 -0.0136403 -0.00662252 0.000608453 0.00060788 0.00663029 0.0123788 0.010591 0.021191
0.041079 0.0766103 0.172959 0.386451 0.861919 -0.885031 -0.396515 -0.176886 -0.0751621 -0.0336237 -0.0158052 -0.00888046 -0.00352518 0.00609509 0.00159449 0.00474305 0.00439967 0.0105788 0.0233789
0.0421465 0.0740796 0.166819 0.391042 0.876144 -0.867004 -0.385407 -0.171236 -0.08015 -0.0398251 -0.0226517 -0.0054896 -0.00520432 -0.00283293 -0.00202647 0.00124671 0.00295625 0.0126892 0.0254474
0.0317804 0.074358 0.17415 0.391613 0.879153 -0.869703 -0.38454 -0.175586 -0.0820584 -0.0398115 -0.0197411 -0.0120811 -0.0141361 -0.00496539 -0.00682733 -0.00264243 0.0105901 0.00959173 0.0131007
0.0324186 0.0759957 0.172114 0.389462 0.873823 -0.877521 -0.388733 -0.179332 -0.0774261 -0.043821 -0.0133064 -0.0158878 -0.0090783 -0.00671675 -0.00233839 -0.000983644 0.00811619 0.0107169 0.0253207
0.0410408 0.0775452 0.170019 0.390073 0.882144 -0.87525 -0.38975 -0.176058 -0.0888209 -0.04118 -0.0251881 -0.0156518 -0.00827416 -0.00693041 -0.00998841 -0.00155606 0.00500017 0.0101131 0.0216506
0.0318542 0.0658104 0.164934 0.389375 0.874729 -0.872601 -0.397123 -0.171604 -0.0794595 -0.0429472 -0.0202986 -0.00735296 -0.0101629 -0.00552551 -0.00888705 0.0066601 0.00832581 0.00890008 0.0197671
0.0337978 0.0793228 0.172415 0.39098 0.893559 -0.857432 -0.373339 -0.173433 -0.0806778 -0.0367875 -0.0269257 -0.0149179 -0.00956858 0.000681216 0.00503853 0.00170925 0.00614675 0.0122983 0.0196395
0.0495297 0.0797667 0.177392 0.396935 0.882051 -0.852805 -0.377345 -0.159589 -0.0675968 -0.0339276 -0.0225385 -0.0128873 -0.00419094 -0.000213406 -0.00489035 -0.00506069 -0.000183807 0.0158643 0.0202921
0.0364678 0.0777735 0.172609 0.391764 0.883939 -0.867567 -0.381735 -0.168272 -0.0719093 -0.0394903 -0.0209316 -0.00956451 -0.00261336 -0.00349445 0.00388931 0.00249106 0.00927541 0.00763577 0.0175222
0.0356419 0.0734264 0.174324 0.387618 0.866855 -0.86843 -0.381654 -0.173719 -0.0772474 -0.0414351 -0.0245844 -0.0124076 -0.00644548 -0.000181377 -0.00467366 0.00280337 0.0029435 0.00840812 0.021314
0.0424548 0.0712817 0.164072 0.380954 0.862112 -0.891136 -0.388663 -0.178482 -0.0803056 -0.0436327 -0.0188166 -0.00759815 -0.00665675 -0.00211266 0.00297508 0.0027563 -0.000605816 0.0102761 0.0290708
0.0387372 0.0752793 0.167083 0.382097 0.858586 -0.863382 -0.383774 -0.173291 -0.0867473 -0.0426303 -0.0252527 -0.0124991 0.000920772 0.00577154 0.00422647 0.010506 0.00811708 0.00940103 0.0230936
0.0422482 0.0733101 0.175929 0.390458 0.878331 -0.875586 -0.39647 -0.17822 -0.0789575 -0.0357956 -0.0172396 -0.00729852 -0.000555071 0.00695957 0.00536577 0.00850161 0.0119306 0.0107746 0.0218511
0.0362875 0.07523 0.170682 0.383799 0.877523 -0.875366 -0.387303 -0.168916 -0.0699608 -0.0402753 -0.0184228 -0.0125733 -0.00639201 -0.00734376 -0.00395462 -0.000198448 0.00782999 0.0174027 0.0211539
0.0389054 0.0819548 0.177736 0.393993 0.881765 -0.874808 -0.395982 -0.178363 -0.0904564 -0.041401 -0.0261882 -0.0130474 -0.00343771 0.00237542 0.00241898 0.00132413 0.0015274 0.0157266 0.0238693
0.0358878 0.0723289 0.169935 0.388019 0.885459 -0.873008 -0.392038 -0.169029 -0.0736071 -0.0374767 -0.021433 -0.0177331 -0.0113401 -0.0129063 -0.0076619 0.00532734 0.00835493 0.0130725 0.0238793
0.0323476 0.0743688 0.169783 0.395677 0.884341 -0.872721 -0.384586 -0.172662 -0.083726 -0.0482601 -0.0274696 -0.00897058 -0.00803309 0.00545747 0.0106482 -0.000448546 0.00791675 0.0146395 0.0145733
0.0317294 0.0749989 0.184672 0.408328 0.88895 -0.869677 -0.389199 -0.170346 -0.0771957 -0.0432409 -0.0256766 -0.00695447 0.00041797 -0.000842228 0.00029106 -0.00104651 0.00920032 0.0104466 0.0173184
0.0389475 0.0691976 0.174362 0.390121 0.874851 -0.872868 -0.390433 -0.169219 -0.077686 -0.0373496 -0.0188828 -0.012015 -0.00329568 -0.000923035 0.000462638 0.0105595 0.014063 0.022299 0.0196291
0.0384317 0.0790855 0.176083 0.384309 0.878702 -0.890603 -0.387333 -0.175075 -0.0731848 -0.0398224 -0.0193795 -0.00623486 -0.0070797 -0.00444349 0.00209257 0.00815767 0.00441261 0.01068 0.0162358
0.0270775 0.063592 0.160282 0.387719 0.867363 -0.871906 -0.389423 -0.178718 -0.0852086 -0.0447088 -0.0233194 -0.0135417 -0.00622569 -0.00308255 0.00342074 0.00324853 0.00348273 0.00830834 0.0140249
0.0333705 0.0748501 0.179508 0.388857 0.873084 -0.873064 -0.38788 -0.169825 -0.075394 -0.0402104 -0.0169037 -0.00969992 -0.00975759 -0.00202491 -0.00486442 -0.000177021 0.00766439 0.0163737 0.0189216
0.0352969 0.078919 0.180875 0.391164 0.875215 -0.874118 -0.390546 -0.169386 -0.0737627 -0.0358756 -0.017428 -0.00308747 -0.000748124 -0.0076497 -0.0069304 -0.00202898 0.00762851 0.00997897 0.0200567
0.0470027 0.0774506 0.170213 0.387118 0.870223 -0.887364 -0.395375 -0.171571 -0.071905 -0.0322708 -0.0220897 -0.0222257 -0.0168985 -0.00413305 0.000344121 -0.00201349 0.004667 0.0105143 0.02172
0.0411763 0.0771839 0.170056 0.374995 0.861925 -0.893749 -0.399028 -0.183481 -0.0770961 -0.0320106 -0.00784695 -0.00274994 -0.00470739 -0.00434076 0.00267532 0.00371469 0.00921768 0.0132625 0.0199213
0.0385132 0.0769274 0.178785 0.39024 0.870449 -0.879583 -0.39717 -0.176643 -0.074249 -0.0365989 -0.0170161 -0.00617396 -0.00310063 -0.00420098 -0.00113394 0.000628907 0.00763556 0.0102458 0.0181909
0.0412405 0.0769063 0.169377 0.381543 0.854538 -0.887776 -0.389854 -0.175569 -0.0777521 -0.0465991 -0.0256878 -0.0139447 -0.0103202 -0.00695279 0.00325023 0.00406688 -0.00181631 0.00229281 0.0148009
0.0356509 0.074693 0.16443 0.376833 0.848232 -0.899747 -0.394916 -0.173818 -0.074249 -0.0388821 -0.0182804 -0.0129645 -0.0166619 -0.0106296 -0.0135244 -0.00170252 0.00639152 0.0181579 0.0240388
0.0277073 0.0740993 0.163444 0.380675 0.843968 -0.904484 -0.398405 -0.183549 -0.0825286 -0.0327754 -0.0229353 -0.00991646 -0.012076 0.00658104 0.00145613 0.00466581 0.00725183 0.0098543 0.0189214
0.037298 0.0739215 0.173076 0.377696 0.843076 -0.910909 -0.397696 -0.182442 -0.0832129 -0.0386249 -0.024929 -0.00987004 -0.00323116 -0.00597199 -0.00661952 -0.0016251 0.000974322 0.0112743 0.0182699
0.0396468 0.0729568 0.170096 0.380572 0.861125 -0.896901 -0.401111 -0.180445 -0.0891974 -0.0453886 -0.0239078 -0.0176443 -0.00783137 -0.00490267 -0.00423242 -0.0048664 0.000150677 0.00912765 0.0195178
0.0368428 0.0713518 0.170217 0.385436 0.865277 -0.888358 -0.399562 -0.176842 -0.0786397 -0.0390524 -0.0189262 -0.00744006 0.00104629 0.0105558 0.00774859 0.00603361 0.0106942 0.0161457 0.0198355
0.0310885 0.0763967 0.169052 0.382243 0.851759 -0.900603 -0.399355 -0.176844 -0.0752363 -0.0351072 -0.0205587 -0.0125748 -0.0111475 -0.0052584 0.000558251 0.00904151 0.0126521 0.01792 0.0229723
0.038817 0.0749565 0.169765 0.381698 0.8478 -0.900383 -0.405968 -0.183897 -0.0817837 -0.0426405 -0.0216591 -0.0134672 -0.0103251 -0.00486791 0.00488093 0.00634211 0.00219047 0.0135173 0.0163204
0.0378744 0.073562 0.167511 0.379642 0.848343 -0.902492 -0.394672 -0.180823 -0.0864712 -0.0399421 -0.0247241 -0.0217496 -0.00818088 -0.00797895 -0.00794987 0.000484917 0.00451615 -0.00200983 0.024186
0.0391043 0.0764736 0.16923 0.375581 0.855093 -0.907961 -0.397975 -0.180149 -0.0849538 -0.0345161 -0.015677 -0.00896919 -0.00478816 -0.00820271 0.00255605 0.00394357 0.015865 0.0166306 0.0233377
0.0378477 0.0779834 0.166868 0.379263 0.837126 -0.905392 -0.40174 -0.176786 -0.077724 -0.0323963 -0.0135767 -0.010464 -0.00481473 -0.00641069 -0.0121812 -0.00107973 0.00760112 0.0235388 0.0231423
0.0385483 0.0695841 0.168605 0.369001 0.845957 -0.910236 -0.405523 -0.174835 -0.081362 -0.0415709 -0.0196748 -0.00795521 -0.011904 -0.0038109 0.00324082 0.00745433 0.015433 0.0150857 0.0150595
0.0250196 0.0681458 0.160393 0.381212 0.849615 -0.906141 -0.406098 -0.172021 -0.0748668 -0.0331363 -0.0267548 -0.0198826 -0.0132361 -0.012113 -0.00854361 -0.000969811 0.0102097 0.0149411 0.0200027
0.032706 0.0713475 0.163099 0.367745 0.850893 -0.920813 -0.41285 -0.190979 -0.0820391 -0.0385873 -0.0253881 -0.0187964 -0.020225 -0.0167953 0.00038278 0.00134608 0.0018036 0.00900352 0.0157197
0.0332289 0.0748822 0.16893 0.377472 0.845359 -0.903791 -0.405625 -0.182489 -0.0818 -0.0434164 -0.0263503 -0.0173947 -0.00829216 -0.0039433 2.54561e-05 0.00255768 3.77263e-05 0.00796881 0.0128957
0.0388644 0.0801877 0.168689 0.377395 0.86206 -0.912411 -0.406112 -0.179795 -0.0799068 -0.043063 -0.0256335 -0.0124366 -0.0116582 -0.00495505 -0.00124673 -0.00211445 0.0084551 0.0120428 0.0181152
0.0434292 0.0701704 0.16099 0.383103 0.844035 -0.907223 -0.397337 -0.178513 -0.0830433 -0.0401075 -0.0227058 -0.0101572 -0.0076334 -0.0124793 -0.00154067 0.00331233 0.0111024 0.0133377 0.0255052
0.0395461 0.0743332 0.164328 0.368808 0.834488 -0.921834 -0.405187 -0.177323 -0.0794385 -0.0363318 -0.017287 -0.0111988 -0.0100474 -0.00958412 -0.0035578 -0.00816588 0.00491149 0.00683194 0.0166075
0.0340904 0.0736804 0.162864 0.371581 0.83523 -0.928001 -0.404465 -0.175485 -0.0835411 -0.0435154 -0.0193696 -0.00936155 -0.00484965 0.00932885 0.000453557 -0.00219599 -0.0018204 0.00645139 0.0171846
0.0288297 0.0747207 0.163123 0.37917 0.85112 -0.90526 -0.400707 -0.171218 -0.0858515 -0.0383952 -0.0209913 -0.014665 -0.00626796 -0.000462463 -0.00243872 0.00602537 -0.000215632 0.0112506 0.0142047
0.0285036 0.0772801 0.177885 0.389971 0.866045 -0.903335 -0.398689 -0.180114 -0.0793667 -0.0461971 -0.0223399 -0.00919915 -0.00701405 -0.00187021 0.00314558 0.00125351 0.00353149 0.00699925 0.0115701
0.03556 0.0745886 0.178263 0.392375 0.880372 -0.891943 -0.398603 -0.177831 -0.0828772 -0.0408489 -0.0257243 -0.015248 -0.00799625 -0.00396309 -0.000733561 0.00310301 0.00572672 0.0101437 0.0113134
0.0348296 0.0758756 0.169247 0.378358 0.871945 -0.878119 -0.396157 -0.17371 -0.0764351 -0.041348 -0.0192946 -0.0143435 -0.00800258 -0.00257938 0.00333592 0.0102769 0.0126328 0.018061 0.0204833
0.0347526 0.0795737 0.168995 0.390809 0.873642 -0.870844 -0.397247 -0.172931 -0.07936 -0.0426513 -0.015757 -0.0115675 -0.00653613 -0.00608204 -0.00101871 0.00792413 0.00568075 0.0128569 0.0319388
0.0452634 0.0778733 0.176091 0.387377 0.88511 -0.870509 -0.394023 -0.176354 -0.0793732 -0.0410472 -0.0156341 -0.0117542 -0.0116117 -0.00172719 -0.00338669 0.000903929 0.00470377 0.0155743 0.0307277
0.0294604 0.0775323 0.17333 0.390621 0.886553 -0.866259 -0.389722 -0.172504 -0.0760015 -0.0370626 -0.0250234 -0.0136806 -0.000420629 0.00029005 -0.000991895 0.00843887 0.00756476 0.00714167 0.0179775
0.026845 0.0693695 0.165787 0.384306 0.872074 -0.864666 -0.38309 -0.174104 -0.0755625 -0.0391789 -0.0190517 -0.01124 -0.00237918 -0.000943072 0.00480269 0.00613933 0.0109256 0.00940347 0.0172078
0.0352212 0.0768917 0.180052 0.399518 0.886381 -0.860967 -0.383303 -0.169188 -0.0735203 -0.0318142 -0.0139865 -0.010435 -0.00567284 -0.0019365 0.00524992 0.00551903 0.000514664 0.00966786 0.023594
0.040175 0.0737792 0.174034 0.402008 0.896651 -0.851946 -0.385878 -0.179652 -0.0706982 -0.0413328 -0.0336732 -0.0281177 -0.0134107 -0.0041898 0.00335301 0.00699666 0.0115031 0.0195255 0.0222028
0.0366812 0.0799986 0.183342 0.411349 0.91164 -0.848816 -0.373813 -0.162869 -0.0718652 -0.0253343 -0.018529 -0.0089657 -0.0101083 -0.00766541 0.000615796 0.00436834 0.0077204 0.015677 0.0194745
0.034963 0.0839036 0.180749 0.405557 0.904037 -0.855712 -0.381853 -0.164581 -0.0758679 -0.0323764 -0.0132597 -0.0100038 -0.00732186 0.00485344 -0.000827753 -0.000242971 0.00297051 0.00986628 0.0173174
0.0413739 0.0692221 0.186485 0.401336 0.907756 -0.847849 -0.376323 -0.157435 -0.0673293 -0.0434878 -0.0254827 -0.0186437 -0.00515331 -0.00849629 0.000433959 0.0102227 0.00977912 0.0161002 0.0217994
0.0327267 0.0772995 0.172016 0.386812 0.903218 -0.857125 -0.386872 -0.172833 -0.0755416 -0.0379424 -0.0210872 -0.0150293 -0.0125653 -0.00833376 -0.00149822 -0.00266933 0.0031555 0.00746831 0.0138806
0.0359579 0.0750966 0.174898 0.390269 0.892145 -0.871744 -0.390691 -0.178991 -0.0798656 -0.0402383 -0.0245901 -0.0110022 -0.0131657 -0.0108119 -0.00606455 -0.00293745 -0.00282686 0.00803804 0.0192044
0.035454 0.0773559 0.174194 0.386622 0.874347 -0.883111 -0.398564 -0.184713 -0.085084 -0.0377323 -0.0223461 -0.0118598 -0.0131719 -0.00541615 0.0037479 0.00755972 0.0109727 0.00998078 0.0209726
0.0389517 0.0716766 0.169494 0.393493 0.873287 -0.878257 -0.392181 -0.182558 -0.0826522 -0.037971 -0.0160508 -0.00383769 -0.0135469 -0.00794355 -0.00490869 -0.00154046 -0.000565936 0.00823216 0.0147543
0.02973 0.0806777 0.177859 0.388589 0.873985 -0.885416 -0.395252 -0.173117 -0.0765415 -0.0347467 -0.0182877 0.00084699 -0.004877 0.00169182 0.00108649 -0.00662384 -0.000969532 0.0109446 0.0158217
0.035843 0.0721517 0.16811 0.38881 0.882287 -0.877581 -0.390916 -0.169459 -0.0743595 -0.0368904 -0.0202289 -0.0148201 -0.00489234 -0.00320975 -0.00171014 -0.000802426 0.0132386 0.0107204 0.00820969
0.0310368 0.0758796 0.179763 0.402223 0.880817 -0.876395 -0.389387 -0.173799 -0.078567 -0.032818 -0.0223493 -0.0155695 -0.00780356 -0.000308656 -0.000755652 0.000375825 0.00842349 0.0133143 0.0183295
0.0417767 0.078944 0.176577 0.394648 0.901446 -0.865198 -0.388611 -0.166548 -0.0736859 -0.0313979 -0.0153651 -0.00574123 -0.00749387 -0.00581638 -0.00692501 0.00236984 0.00768885 0.0176111 0.0222702
0.0363055 0.0843018 0.187414 0.406017 0.915659 -0.850132 -0.385466 -0.174644 -0.0749937 -0.0326829 -0.016078 -0.00904586 -0.0012459 -0.000658218 0.00125961 0.0051371 0.00565749 0.0103265 0.0173593
0.03634 0.0808624 0.182401 0.402721 0.913267 -0.847121 -0.376376 -0.168673 -0.0748149 -0.0373384 -0.0202479 -0.0140963 -0.00365011 0.000577456 0.00672382 0.00810535 0.0132072 0.0202442 0.0292606
0.0418919 0.0815396 0.183166 0.40231 0.898862 -0.861538 -0.381134 -0.166131 -0.0691415 -0.0336126 -0.0149394 -0.0130658 -0.00496844 -0.00451953 -0.00399079 0.001469 0.00461483 0.010741 0.0202589
0.0400322 0.0760737 0.166182 0.39721 0.877715 -0.858681 -0.381191 -0.167771 -0.0764207 -0.0376026 -0.0221289 -0.0137873 -0.00628583 -0.00132385 0.00360831 0.00668696 0.0107988 0.0208934 0.0251651
0.0403594 0.0748984 0.173839 0.398185 0.890513 -0.868404 -0.393934 -0.171923 -0.074583 -0.0318993 -0.0129959 -0.0129376 -0.00732465 -9.72724e-05 0.00321751 0.00127309 0.00704044 0.00771223 0.0206761
0.0364289 0.0704671 0.175036 0.386823 0.870239 -0.892025 -0.397787 -0.183419 -0.0742592 -0.0361944 -0.0236489 -0.0146567 -0.000132344 -0.00401853 0.00432555 -0.0019059 0.0089462 0.0159569 0.0260382
0.0463461 0.0797095 0.173845 0.390392 0.872755 -0.870039 -0.391745 -0.180017 -0.0723314 -0.0353071 -0.0215828 -0.00381022 -0.00944764 -0.00409153 0.00170199 0.000176823 0.0123514 0.0196826 0.0259121
0.0367681 0.0693726 0.164733 0.382322 0.864607 -0.890538 -0.3893 -0.171952 -0.070197 -0.0412602 -0.0270896 -0.0169088 -0.00664892 -0.00502184 -0.000358558 0.00353375 0.00631253 0.0188718 0.0298367
0.0453281 0.077696 0.168695 0.380785 0.875478 -0.889285 -0.397696 -0.177538 -0.0753948 -0.035257 -0.0183193 -0.0126637 -0.0055461 0.00157671 0.00339633 0.00863874 0.00807642 0.0145128 0.0228955
0.0417996 0.0802299 0.169295 0.388202 0.869775 -0.88978 -0.396215 -0.180056 -0.0824323 -0.0430415 -0.0221068 -0.0119965 -0.00984718 -0.00299734 0.00083588 0.0102347 0.00844745 0.0133106 0.0239007
0.0383776 0.0732168 0.17641 0.388951 0.868994 -0.878218 -0.39481 -0.176005 -0.0822443 -0.0423497 -0.0240374 -0.00271305 -0.0028182 -0.00179571 0.00194361 -0.00154535 -1.09754e-05 0.00606341 0.0205704
0.0429575 0.0753147 0.171226 0.390903 0.875942 -0.877341 -0.39107 -0.166164 -0.0791454 -0.0409154 -0.0189579 -0.00926912 0.00160395 0.00349267 0.00284761 0.00047453 0.0112924 0.0186013 0.0199967
0.0373023 0.0783046 0.173255 0.392285 0.873709 -0.862472 -0.386404 -0.174978 -0.0834017 -0.0445128 -0.0184795 -0.00903698 -0.00722684 -0.00674716 0.000740591 0.00569491 0.00329622 0.00818715 0.0213493
0.0355311 0.0761859 0.174592 0.387682 0.873221 -0.89506 -0.398707 -0.185192 -0.0826404 -0.0438319 -0.027487 -0.0116974 -0.00663587 -0.00131401 -0.00183134 0.0032173 0.0144237 0.018871 0.0272077
0.0387894 0.078515 0.175148 0.387644 0.862047 -0.893976 -0.39881 -0.186166 -0.0845953 -0.0466558 -0.0322 -0.0154258 -0.0140163 -0.0046205 -0.00124953 0.0100875 0.0114648 0.0149029 0.0232181
0.0356065 0.0732018 0.174045 0.394668 0.866456 -0.896679 -0.402682 -0.180877 -0.0816278 -0.0459311 -0.0283074 -0.0177697 -0.0157207 -0.00735359 0.00657936 0.00709202 0.0167356 0.0184257 0.0226373
