-0.0808989 0.0466696 -0.0518745 0.235762 0.872023 -1.09915 -0.409715 -0.144682 -0.146597 -0.032454 -0.137503 -0.235044 0.0272636 -0.00274252 0.0288429 -0.0388447 -0.0352087 -0.109878 0.0522055
0.287032 0.010109 -0.067057 0.418445 0.91687 -0.683076 -0.590913 -0.351373 0.0447785 -0.0288317 -0.0407145 0.0370705 -0.10305 -0.0591402 -0.0958986 -0.00825318 0.138869 0.0775432 0.212779
0.175233 0.204296 0.254515 0.358493 0.688496 -0.985187 -0.0918581 0.0224893 -0.0542856 -0.129839 -0.274486 -0.20648 -0.194887 -0.0168218 -0.0240889 0.0947663 0.153749 0.11236 0.188246
0.102333 0.0552536 0.0291763 0.367867 0.914222 -0.94833 -0.684598 -0.303406 -0.165465 -0.0766842 0.0610959 -0.0805575 -0.0221372 -0.0573688 0.0635661 0.0663135 0.0872762 -0.0714468 0.0440446
0.095465 0.0410655 0.138823 0.30764 0.942522 -0.555926 -0.426628 -0.216431 -0.182948 -0.0156652 0.12675 0.148703 0.0179164 0.131472 0.263375 0.153146 0.0644523 -0.0725121 0.106627
0.335509 0.334417 0.182991 0.410293 0.719668 -1.04436 -0.410191 -0.243268 -0.0443568 -0.0800951 -0.0220064 -0.113541 -0.00779723 -0.121205 0.0390171 -0.121004 -0.0669222 0.144438 0.135253
0.0498438 0.00171315 0.103933 0.274121 0.53064 -1.06384 -0.510739 -0.286166 -0.149342 -0.0575067 -0.240265 -0.0608821 0.161188 0.0156703 0.116946 0.0488171 0.0119551 0.10413 0.212215
0.0053852 0.0338334 0.0789057 0.187021 0.921528 -0.914814 -0.440753 -0.157307 0.00422986 0.155903 0.0435974 0.0742439 -0.0155373 0.0689727 0.0760027 -0.0102847 -0.0784555 -0.110392 -0.0955616
0.0541499 0.104301 0.237793 0.372249 0.711959 -0.355513 -0.122016 0.00524695 -0.00441855 0.0214136 -0.0994123 -0.0871648 -0.0766035 0.0118579 0.0282305 0.0445095 -0.0688639 -0.156379 -0.175358
0.0297552 0.0769881 0.258999 0.711707 1.1275 -0.495869 -0.18113 -0.0804169 0.191657 -0.0620755 -0.0979239 -0.0181189 0.0433774 0.0022775 0.0147051 -0.103449 -0.0983076 0.0337284 0.132169
-0.0861662 -0.0052972 0.275741 0.363724 1.05662 -0.631096 -0.290747 -0.167698 0.0195593 0.0798138 -0.1656 0.0191825 0.00722564 -0.000492686 -0.181975 0.124253 0.100455 0.0583642 0.00688663
0.0708803 0.0296655 0.037183 0.500336 1.06772 -0.858371 -0.365356 -0.265193 -0.120209 0.0829518 -0.0457467 -0.0226919 0.048106 0.00565722 -0.0184306 0.164363 0.0248909 0.0244928 0.246104
0.0233727 0.30147 0.192476 0.540786 1.053 -0.947969 -0.568927 -0.27593 -0.32914 -0.166451 0.053284 -0.0310647 -0.0958804 -0.0148867 0.069812 -0.0924158 -0.00663822 -0.157972 0.180645
-0.190493 -0.0134187 0.0451966 0.374753 0.716998 -1.09984 -0.473683 -0.216289 -0.0412948 -0.0338596 -0.13391 -0.301444 -0.101009 0.0736491 0.0838961 -0.0230538 -0.21258 -0.13772 -0.122519
0.0551132 -0.0713344 0.117706 0.549457 0.767376 -0.956467 -0.301246 -0.106592 -0.0294806 -0.108977 -0.12995 -0.130465 -0.18337 -0.13751 -0.0131831 0.188987 0.0509314 0.102191 0.21656
-0.0371339 -0.0617885 0.0884304 0.330111 1.00332 -1.23802 -0.597069 -0.251585 -0.106685 -0.0377926 0.0239465 0.162136 0.0660913 0.0124596 0.0785497 0.0284558 -0.102962 -0.0529648 -0.0290579
0.130772 0.0768794 0.0882517 0.321176 0.454755 -1.12855 -0.580618 -0.374894 -0.257608 -0.277738 -0.255778 -0.0830541 -0.0414124 0.121383 -0.0421715 0.0617505 0.173803 0.215264 0.268634
0.11436 0.234611 0.195329 0.389682 0.798472 -1.19756 -0.611192 -0.418658 -0.496679 -0.241946 -0.0816285 -0.101998 -0.0483043 -0.0790084 0.0484718 0.0432179 0.121688 0.0609148 0.0838577
0.0882475 0.0250535 0.164741 0.339277 0.618314 -1.22963 -0.479087 -0.368944 -0.131463 -0.0783698 -0.0733347 0.000831507 0.0300696 0.145844 -0.0978881 -0.200126 -0.0259782 -0.067026 0.1465
0.169877 0.233831 0.347846 0.501257 0.862112 -0.658706 -0.350607 -0.40737 -0.0293025 -0.0585419 -0.107168 -0.158902 -0.162267 -0.0998068 -0.151818 -0.000953077 0.213158 0.0642036 0.165785
-0.115635 -0.117465 0.0537632 0.34717 0.969745 -0.707225 -0.25008 -0.182771 -0.0187901 0.0173325 0.144396 0.0531236 -0.0693561 0.0901068 -0.0398935 0.0733169 -0.0656983 -0.127212 -0.0592808
0.109326 0.0650536 0.0324059 0.602004 1.05067 -0.852246 -0.265277 0.00719427 -0.276034 -0.151401 -0.106319 -0.0480957 -0.015833 0.0353937 -0.0690425 -0.0328026 -0.00550949 0.0274812 0.0750878
-0.0661868 -0.0538959 0.17148 0.331525 0.74376 -1.10152 -0.345157 -0.308109 -0.26164 -0.0371084 -0.0735688 -0.048164 -0.0230091 0.0405863 -0.228632 -0.206263 -0.0950895 -0.173279 -0.0694862
0.095114 0.112028 0.23406 0.478811 1.01158 -0.578605 -0.410717 -0.0951998 -0.0102556 0.0402196 0.00752188 -0.051339 0.01286 0.00766349 -0.0601065 -0.112543 -0.0358737 -0.06004 0.0716144
-0.00105682 0.126858 0.256978 0.400571 1.2425 -0.607494 0.00928012 -0.104401 -0.230958 -0.0392846 -0.276298 -0.0223551 0.161299 0.00289669 -0.0678198 0.132372 -0.0728671 0.0730771 0.154348
0.0297906 0.148998 0.263791 0.449714 1.14358 -0.703677 -0.320392 -0.129054 -0.0912324 -0.21754 -0.177219 -0.283054 -0.092839 0.00929386 0.115369 0.00711979 0.109643 -0.0575702 -0.107232
0.0336477 0.016703 0.168127 0.551138 1.06096 -0.595117 -0.297199 -0.285604 0.00152166 0.060368 -0.0949158 0.14908 0.0347203 -0.00941659 -0.0777211 0.0197119 -0.0113523 -0.0144529 0.0066922
-0.0329429 0.251539 0.260449 0.371959 0.9431 -0.58559 -0.0891551 -0.122762 -0.0906431 -0.132107 -0.0945993 0.276546 0.167624 0.108402 0.0550582 0.0672273 0.0899666 0.0381551 -0.061493
-0.0270534 0.0402773 0.137835 0.392923 0.874411 -0.918794 -0.388454 -0.176556 -0.139719 -0.140671 -0.133598 -0.0927681 0.103402 -0.0466478 0.0834548 0.0440038 -0.089888 -0.0875863 -0.192215
0.00946831 0.0692959 0.196828 0.318788 0.895597 -0.909517 -0.499692 -0.306783 -0.271279 -0.107676 0.023869 0.122691 0.0472799 0.0187518 -0.0616425 -0.107857 -0.118903 -0.120718 0.087463
0.102692 0.0400326 0.00527041 0.322933 0.945311 -1.03561 -0.634212 -0.2777 -0.248672 -0.192393 -0.198945 -0.267186 -0.0129209 0.0792318 0.0745496 0.0667554 0.003694 0.0419419 0.0379784
-0.0199802 0.0832909 -0.0349318 0.242621 0.771154 -0.942516 -0.633791 -0.30616 -0.329346 -0.15961 0.0207861 -0.0750025 0.0720545 0.16421 0.34758 0.189428 0.0278362 0.0141403 0.0695834
-0.0302144 -0.0661622 -0.0956415 0.0834223 0.599409 -0.865527 -0.547227 -0.281034 -0.198163 -0.0800492 -0.034551 -0.143999 -0.0773747 0.0678008 0.173835 0.0257339 -0.0122338 0.23209 0.125979
0.238318 0.175602 0.491742 0.486285 0.99275 -1.1174 -0.823355 -0.267574 -0.0733487 0.0546685 0.114766 0.0909926 -0.0203453 -0.163525 -0.144898 -0.123007 -0.0811298 -0.12726 0.108758
0.171795 0.135868 0.189856 0.313375 0.771852 -0.901141 -0.393617 -0.324867 -0.0432405 -0.0898681 0.0396565 0.186932 0.136617 0.220853 0.268464 0.0984162 0.0843074 0.0833396 0.324291
0.187415 -0.0201296 0.258861 0.541966 0.93762 -1.08773 -0.510558 -0.537273 -0.167754 -0.182803 0.00874054 -0.0147346 0.0122433 0.0311425 0.0818527 0.0255502 0.0563064 0.235729 0.174563
0.201643 0.289543 0.442143 0.566354 0.897143 -1.0868 -0.510112 -0.164892 -0.0690023 -0.21004 -0.242241 -0.151413 -0.129683 -0.0851469 0.075738 0.0652259 -0.0333141 0.0481016 0.0131245
0.105458 0.155444 0.0986954 0.21416 0.59687 -1.18967 -0.603289 -0.270268 0.0714575 0.0642809 -0.0831389 -0.238142 -0.170811 -0.0720465 -0.0972116 -0.0376254 0.13495 0.111239 -0.0155268
-0.0720484 -0.0550474 0.1669 0.60419 0.986899 -0.933243 -0.469893 -0.251403 0.0719031 -0.041801 -0.303714 -0.293561 0.077214 -0.0548748 -0.171582 -0.203603 -0.137806 -0.0729308 -0.0381327
-0.00162524 -0.0328586 0.0635726 0.265179 0.636039 -0.723854 -0.364379 -0.222098 -0.041001 -0.0150702 0.0105602 0.0584868 -0.00285649 0.0289331 0.00182826 0.0812641 0.236599 0.153384 0.0712875
0.215955 0.319631 0.174995 0.451678 1.02505 -0.443804 -0.0500466 0.0195778 0.146304 0.195704 0.147553 0.0789403 -0.0781699 -0.199142 -0.186354 -0.0782397 -0.0303796 0.281387 0.106553
0.0664473 -0.00239406 -0.0138938 0.264942 0.731105 -1.14322 -0.530459 -0.157752 -0.130811 -0.0691701 -0.250484 -0.0545516 -0.162565 0.0464811 0.0859785 0.018884 0.00264538 0.0577495 -0.06967
-0.0334194 -0.00991593 0.197519 0.29197 0.807511 -0.921293 -0.315927 -0.00610564 -0.0758654 0.10137 -0.00954557 -0.0817509 -0.198376 -0.0257704 0.0376411 0.0463614 0.191614 -0.0216933 0.060223
0.288842 0.301323 0.29004 0.49901 0.974829 -0.625333 -0.49077 -0.152356 -0.167332 0.0330081 0.0315218 0.0198791 0.219336 0.166472 -0.00823001 0.0512922 -0.00415765 -0.105483 0.236217
0.330773 0.298434 0.384137 0.44377 0.95694 -0.714662 -0.531293 -0.288794 -0.236008 -0.0728454 0.0991137 -0.0392323 -0.0310418 0.0926962 -0.0237995 0.0720428 0.170482 0.20252 0.20889
0.146766 0.211052 0.14147 0.20356 0.73611 -1.25997 -0.647873 -0.271424 0.0207899 0.0718356 -0.175291 -0.127612 -0.0850014 0.0211805 0.0816465 0.0608128 0.0882461 0.185069 0.240054
0.0561158 0.103072 0.0670587 0.258888 0.518746 -1.11476 -0.545809 -0.436379 -0.116957 0.0490254 0.0622297 -0.0523098 -0.214505 -0.320152 -0.0516009 -0.0216412 0.103051 -0.078518 0.191187
0.163924 0.281477 0.565729 0.562771 0.874118 -0.888695 -0.66307 -0.461714 -0.0792076 0.294358 0.0962872 -0.113367 -0.0132614 -0.0325148 -0.131972 -0.313256 -0.138353 -0.047893 -0.0177427
-0.0981814 -0.0213415 0.110427 0.456129 0.862649 -0.878331 -0.414132 -0.187978 -0.0603705 -0.018353 0.110978 0.309083 0.181517 0.100454 0.0818454 0.0864121 -0.143193 -0.192405 -0.122684
0.0303247 0.0776083 0.135084 0.410888 0.77073 -0.85172 -0.383036 -0.225088 -0.191091 -0.0985297 -0.185879 -0.0747611 0.0704488 -0.0992433 -0.0879539 -0.107135 0.0567743 0.0238072 0.0165698
0.197333 0.257163 0.278778 0.544217 1.04635 -0.745252 -0.274038 -0.0664762 -0.0662872 -0.0240612 0.0520253 0.0622405 0.0768731 0.123486 0.0505015 0.158422 0.00711831 0.00258429 0.0996021
0.00354559 0.04826 0.268737 0.858982 1.19824 -0.938224 -0.410511 -0.21495 -0.0802898 -0.0759457 -0.173348 -0.107148 -0.0644554 0.0584061 0.0161336 -0.124594 -0.196587 -0.0880786 0.0013109
0.0586302 0.18004 0.301213 0.602156 1.21158 -0.48039 -0.103152 0.0483689 -0.00880865 -0.131791 -0.0934433 0.196611 0.305215 0.124063 -0.000128358 -0.0438619 -0.0552175 -0.104178 -0.0904312
-0.0823929 0.0478405 0.146051 0.527264 0.955486 -1.08698 -0.481417 -0.323755 -0.126399 -0.0458337 0.0106602 0.0777321 0.214951 0.00102235 -0.163021 -0.298123 -0.164486 -0.0583563 -0.087536
0.0280975 0.271371 0.355581 0.454203 1.08572 -0.769446 -0.518296 -0.150885 0.0142476 0.121394 -0.0886982 -0.223448 -0.0678452 0.0251928 0.010833 -0.0516137 -0.0250555 0.0716692 0.30101
0.0557618 0.271705 0.246032 0.451078 0.988417 -0.963424 -0.26991 -0.139689 -0.105194 -0.103415 -0.216478 -0.204381 -0.010012 -0.16743 -0.0143685 0.0663594 -0.0629935 -0.0406549 -0.0236664
0.281083 0.0881405 0.240511 0.262031 0.644842 -1.00314 -0.580102 -0.477007 -0.155104 -0.0295934 -0.118087 -0.0750813 0.054813 0.0977195 0.142205 -0.0433432 0.0432123 -0.199917 0.104624
0.196567 0.0106983 0.273285 0.541639 0.804222 -0.944512 -0.616735 -0.458166 -0.145878 -0.0178665 0.0226422 0.187021 0.111653 -0.161639 -0.105687 -0.149522 -0.0965649 0.0789347 0.167221
-0.155096 -0.00883945 -0.00499544 0.0831174 0.454281 -1.16553 -0.638446 -0.376835 -0.206737 0.0466411 0.0932562 0.0122564 0.0581329 0.0854613 -0.0936339 0.0102239 0.0576645 0.0755053 0.0192397
0.0182517 -0.00829849 0.240279 0.407809 0.546219 -0.89648 -0.363694 -0.261265 -0.0110203 0.0351092 -0.191624 -0.24614 -0.155955 -0.0593868 -0.177146 -0.378764 -0.0777854 -0.0180392 -0.0170483
-0.0669947 0.00336276 0.276701 0.793441 1.12088 -0.972249 -0.647584 -0.368195 0.058425 0.179132 -0.0348017 -0.143319 -0.230417 -0.343491 0.0329138 -0.0803746 -0.0923487 -0.136603 -0.00970791
-0.19331 0.017484 0.290529 0.281415 0.658832 -0.977018 -0.250505 -0.292741 -0.0949195 -0.0972265 -0.0423324 0.0552948 0.132932 -0.169157 -0.225184 0.0518836 -0.00838324 -0.166178 -0.0922644
0.00237957 0.190146 0.150786 0.583796 1.00485 -1.12761 -0.434655 -0.372889 -0.0998897 -0.0437281 -0.201653 -0.043556 0.159251 0.100444 0.0733159 -0.00594594 -0.204635 0.063139 0.0604209
0.0130479 0.304985 0.233786 0.544029 0.777533 -1.14932 -0.578021 -0.339868 -0.25457 -0.111763 -0.248502 -0.282701 -0.0999482 0.0123222 0.0158125 -0.00622244 0.0678156 0.0179412 -0.132067
-0.280246 -0.106162 0.276177 0.357776 0.958612 -0.964141 -0.432478 -0.127705 -0.102731 0.0966632 0.0228059 -0.067131 -0.0967461 -0.05545 0.0878488 0.177484 0.160748 0.00261166 -0.0442664
-0.0628783 -0.00127865 0.125291 0.209537 0.642289 -1.13384 -0.687426 -0.413508 -0.255594 -0.141104 -0.077777 -0.0414136 -0.0661776 0.0978992 0.0513495 0.0504045 0.00824333 0.203241 0.306947
0.136121 -0.0104022 0.0544273 0.454473 0.865855 -1.14313 -0.487507 -0.270964 -0.165245 -0.140799 -0.0308017 -0.146175 -0.234431 -0.142143 -0.0330169 -0.309819 -0.23052 -0.124939 -0.0168432
0.074032 0.093859 0.0791763 0.345763 0.650455 -1.23136 -1.01303 -0.338262 0.0675275 -0.00301694 -0.117329 -0.163641 -0.218421 0.0844038 0.0184374 0.074632 0.0218227 -0.052909 -0.00836525
-0.0149439 -0.0266756 -0.0780113 -0.00271187 0.420062 -1.00811 -0.639222 -0.309775 -0.287905 -0.197767 -0.0888928 -0.0274737 0.0883451 -0.0626034 -0.283828 -0.182288 -0.0334644 0.145316 0.223963
0.0267388 0.0988985 0.105088 0.20821 0.45206 -1.19328 -0.287616 -0.127004 -0.0774624 -0.0839385 -0.0153321 0.0153698 0.049706 0.128245 0.0353084 0.0862412 0.106523 0.13071 -0.00988851
0.250056 0.235318 0.131434 0.421579 0.857399 -0.912394 -0.508615 -0.366759 -0.196087 -0.0762695 0.0190534 0.0279465 0.00903409 0.0863797 0.000816755 -0.0921919 -0.259189 -0.143024 -0.019335
0.152784 0.117571 0.15092 0.366413 0.770907 -1.16378 -0.700741 -0.444219 0.0439104 0.119774 0.0128324 -0.109991 0.0207228 -0.0584047 0.112561 0.105762 -0.0954056 0.175664 0.159975
-0.109292 0.159322 0.30792 0.671986 1.25641 -0.429041 -0.11559 -0.0118276 -0.00244407 0.12907 0.150903 -0.0990326 -0.0619927 0.232987 0.0449213 -0.0468282 0.0914092 0.113167 -0.144589
0.115926 0.116998 0.263554 0.596161 0.82534 -0.437848 -0.402784 -0.424026 -0.371467 -0.335086 -0.162467 -0.16721 0.0710888 0.0513326 0.0116144 0.0477916 -0.057688 0.0433025 0.0827468
-0.0247629 -0.0682827 -0.0609553 0.126956 0.864908 -0.648709 -0.292409 -0.0162561 -0.0340115 -0.0250541 -0.025291 0.0255986 0.00610516 -0.29319 -0.0832249 0.0967045 -0.0070783 0.19522 0.0667721
0.0507906 0.0427545 0.00607627 0.291643 0.942686 -0.675662 -0.406332 -0.158798 -0.0300038 -0.167091 -0.186932 -0.0265515 -0.066567 -0.0277908 -0.0429482 0.162007 -0.0326564 -0.0523638 0.0135437
-0.0511932 0.117527 0.0916726 0.233629 0.492788 -0.713226 -0.323875 -0.223748 -0.191325 -0.00964723 -0.0663993 0.00777583 -0.0565228 0.12114 0.120999 0.0725557 -0.0801854 0.0861983 0.126225
-0.0515361 -0.0867545 0.0705829 0.262642 0.677761 -1.10931 -0.639317 -0.227389 -0.188583 -0.136722 0.102409 -0.0625492 0.00682415 -0.203202 -0.0649365 -0.0675749 0.0253183 -0.21159 -0.0823577
-0.0952021 0.0292227 0.213189 0.451165 0.817715 -0.661602 -0.260922 -0.155068 -0.0504516 0.138655 0.0686876 -0.077278 0.0594571 0.0556899 0.0755385 -0.00830201 0.172394 -0.0169006 -0.0338071
0.0118087 0.168181 0.238224 0.518945 1.01487 -0.906481 -0.308569 -0.0355268 0.0214025 -0.0225015 -0.123104 -0.188261 -0.0320731 0.0583581 0.12139 -0.0464503 -0.115564 -0.0166384 -0.108304
0.00623562 -0.0221109 0.149951 0.158974 0.716963 -1.14128 -0.411522 -0.181222 -0.0643998 -0.0363348 -0.0492845 -0.0146542 0.0401465 0.00910919 0.0166288 -0.0450833 -0.0363782 0.050406 -0.0422231
0.0295183 0.123573 0.199529 0.226883 0.483824 -0.815739 -0.71629 -0.337583 -0.191929 -0.0601046 0.0813513 0.129439 -0.0125645 -0.0673691 0.0538982 0.0767583 -0.188693 -0.098537 -0.0269224
-0.0359866 0.0262467 0.0717655 0.235587 0.535942 -0.908009 -0.37239 -0.249887 -0.0781881 0.132547 0.153228 0.183901 0.0972262 0.10639 0.0969972 0.0783962 0.0784422 0.114402 -0.0426796
0.0136434 0.18563 -0.0226369 0.0508181 0.454681 -1.11589 -0.592888 -0.354261 -0.215562 0.00729684 0.216663 0.234224 -0.0788099 -0.0787183 0.074984 -0.0320299 0.00812011 -0.0491166 0.118121
-0.0570293 -0.0863793 -0.0508976 0.0513241 0.491977 -1.01912 -0.61676 -0.353791 -0.151368 -0.145591 -0.234686 -0.175881 0.0550416 0.0881667 0.123706 0.0360383 -0.057047 0.024114 -0.0574863
-0.148138 -0.0190903 0.0312692 0.0138298 0.582827 -0.983716 -0.466159 -0.251312 -0.267583 -0.0755928 -0.00531007 0.0230008 0.224555 0.311209 0.1344 0.0839169 0.0696971 0.0117284 -0.157877
0.0399361 0.0176368 0.0382386 0.390904 0.926876 -1.082 -0.512653 -0.303193 -0.123299 -0.0437695 0.00822376 -0.146731 -0.17298 -0.218458 -0.02156 0.0933632 -0.0749333 -0.0630714 0.0957939
-0.0963751 -0.0047514 0.125876 0.491153 1.17995 -1.03691 -0.487781 -0.455086 -0.26479 -0.251068 -0.35485 -0.183655 -0.161367 -0.166977 -0.06131 -0.017336 -0.0809851 -0.114686 -0.0408354
0.00688089 0.0808538 0.21968 0.395438 0.56674 -0.515804 -0.21724 -0.109297 0.0324635 0.0656105 0.0599698 0.223114 0.160526 0.0613952 0.102416 0.0659371 0.0180499 0.160256 0.0881786
-0.0122328 0.14438 0.110083 0.40816 0.948837 -0.797176 -0.435674 -0.0555603 -0.0152126 0.0542082 0.107675 0.195704 -0.0196006 -0.238007 -0.139093 -0.193743 -0.110479 -0.0442123 0.142965
-0.27463 0.0326729 0.178108 0.465382 0.955565 -0.814852 -0.244889 -0.00573146 0.0318168 0.0179494 -0.122043 0.00871207 -0.12046 0.074038 0.14755 0.0651222 0.112326 -0.0945611 -0.227029
-0.0048188 0.167099 0.184678 0.405093 0.879227 -0.822187 -0.525694 -0.0807132 -0.0409143 -0.110849 0.0442698 0.0359482 0.0127048 0.0401666 -0.0358165 0.0632436 -0.00367953 -0.0838338 -0.159836
-0.0141437 -0.0213641 0.0671 0.506933 0.682258 -1.16617 -0.580172 -0.280631 -0.321836 -0.236401 -0.0967048 0.0768835 -0.10381 -0.0694546 -0.11259 -0.108768 -0.0816672 -0.0234263 0.033529
0.115542 0.219508 0.328891 0.315738 0.89781 -0.9792 -0.434018 -0.303325 -0.217891 -0.24675 -0.0253489 0.0272491 -0.0280753 -0.112288 0.000702257 -0.000169095 0.0189107 0.0888219 0.00211317
0.220861 0.130912 0.380065 0.593887 0.857462 -0.730153 -0.271264 -0.0565279 -0.0756317 -0.151856 0.0108122 -0.0529001 -0.0883294 0.0287328 0.151434 0.252294 0.17874 0.0641455 0.232911
0.398315 0.178156 0.112933 0.213434 0.372896 -1.21466 -0.529991 -0.239474 -0.133879 -0.0433755 -0.00211838 0.0660513 0.0782334 0.0243793 -0.141373 -0.0729363 -0.0430369 0.00958623 0.231316
0.0201948 -0.0776713 -0.135997 0.100876 0.434879 -1.14512 -0.714045 -0.368593 -0.201019 -0.0704695 -0.0806793 0.00265259 0.00825342 -0.115181 0.00350454 0.138022 0.0642108 -0.0790826 -0.0422144
0.0478598 0.291749 0.41017 0.594879 1.24274 -0.607089 -0.345482 -0.208344 -0.0794982 0.0189347 -0.10972 -0.191515 0.00338817 0.0981931 0.076541 -0.0146557 0.080731 0.0816609 -0.0293157
0.0956429 0.188079 0.0483655 0.410554 1.0285 -0.818178 -0.441522 -0.190641 -0.104723 0.123262 0.0825605 -0.141575 -0.011335 0.0632579 0.225398 -0.0526857 0.0343622 -0.0171189 -0.0228196
0.106698 0.274961 0.449953 0.31624 0.79752 -1.16512 -0.379844 -0.147422 0.069244 0.00189719 -0.0954803 -0.0413773 0.0475035 -0.0999002 0.0833839 0.0214898 0.158715 -0.0212331 0.173869
